 100   300   0.10  30  0.000200000 
 0.0004578800  0.0001225000  0.0003058830  0.0003864210  0.0001971420  0.0001729780  0.0003778140  0.0001581020  0.0000957960  0.0002128180  0.0002234540  0.0002560980  0.0000937770  0.0002576360  0.0003020290  0.0002255010  0.0001656480  0.0001261450  0.0002425500  0.0002155910  0.0001342260  0.0003880350  0.0002632990  0.0002914990  0.0001974230  0.0002090540  0.0002863660  0.0001263860  0.0002848950  0.0001281590  0.0002175810  0.0002559090  0.0002046910  0.0003419750  0.0002243240  0.0001006040  0.0002295500  0.0002710460  0.0001797140  0.0002698200  0.0002697400  0.0001656850  0.0003188120  0.0002762280  0.0003517330  0.0002192820  0.0002418340  0.0002138500  0.0001629260  0.0003234570  0.0002586080  0.0002309710  0.0001249890  0.0001952710  0.0002104300  0.0002904380  0.0001614990  0.0003452050  0.0001658310  0.0002683960  0.0001162240  0.0002432180  0.0001392420  0.0003051280  0.0002218440  0.0001181460  0.0003064760  0.0003669030  0.0002944720  0.0001930190  0.0002406330  0.0003540070  0.0001084820  0.0001063020  0.0001586880  0.0002520950  0.0001228100  0.0002028940  0.0002229420  0.0002388310  0.0003583690  0.0001682170  0.0001265440  0.0001501290  0.0001090530  0.0002474630  0.0001574150  0.0001540370  0.0001510660  0.0001667860  0.0002127190  0.0002526030  0.0002305140  0.0002270170  0.0001098610  0.0001735010  0.0002406960  0.0001787300  0.0002182110  0.0003537540  
  0.0001225000  0.0001750190  0.0001233530  0.0001872390  0.0001012330  0.0001039050  0.0001332300  0.0000900890  0.0000689680  0.0001060120  0.0000917300  0.0001205820  0.0001081820  0.0001337460  0.0001564610  0.0001070510  0.0000866190  0.0001307110  0.0001082020  0.0000953970  0.0001345090  0.0001599140  0.0001035820  0.0001270260  0.0000776970  0.0000980460  0.0000985920  0.0000560070  0.0001447330  0.0000821880  0.0000904440  0.0001007330  0.0001090400  0.0001449940  0.0000949770  0.0000710590  0.0001065150  0.0001044340  0.0000863380  0.0001000810  0.0001153490  0.0000996870  0.0001427090  0.0001457000  0.0001235390  0.0000980780  0.0001124300  0.0001059440  0.0000937450  0.0001345370  0.0001074390  0.0000943520  0.0000688390  0.0001007520  0.0000982270  0.0001474350  0.0000846850  0.0001409080  0.0000792640  0.0001368510  0.0000663880  0.0001171190  0.0000776070  0.0001039060  0.0000990550  0.0001298660  0.0001256920  0.0001627980  0.0001461540  0.0000899280  0.0001069810  0.0001481310  0.0000605630  0.0000758600  0.0000805750  0.0000975320  0.0000722870  0.0000965960  0.0000975050  0.0001055100  0.0001512020  0.0000951940  0.0000717020  0.0001384100  0.0000687080  0.0001084310  0.0000940610  0.0000665720  0.0000927210  0.0000851650  0.0001029690  0.0001204500  0.0001629220  0.0001023390  0.0001175590  0.0000879830  0.0001184930  0.0000886380  0.0000962350  0.0001350480  
  0.0003058830  0.0001233530  0.0006162400  0.0005357550  0.0002389110  0.0001896960  0.0005507590  0.0001685770  0.0001049590  0.0002222210  0.0002740950  0.0003258300  0.0001008880  0.0003080910  0.0003589980  0.0002668070  0.0001730300  0.0001346340  0.0003019180  0.0002482150  0.0001467250  0.0005456760  0.0003051750  0.0003547840  0.0002402180  0.0002470910  0.0004654220  0.0001675110  0.0003059830  0.0001420830  0.0002601630  0.0003067170  0.0002207780  0.0004240290  0.0003055460  0.0001047070  0.0002830820  0.0003120420  0.0002536180  0.0004208570  0.0003205180  0.0002172070  0.0004043380  0.0002990390  0.0004789870  0.0002651110  0.0002881690  0.0002468060  0.0001750840  0.0004478330  0.0002998670  0.0002754310  0.0001374640  0.0002330640  0.0002485290  0.0003472360  0.0001794390  0.0004633160  0.0001995350  0.0003891660  0.0001132270  0.0003293370  0.0001539310  0.0004692610  0.0003073370  0.0001278200  0.0004288490  0.0005510290  0.0003461080  0.0002289010  0.0003175660  0.0004604960  0.0001118680  0.0001122070  0.0001658990  0.0002993330  0.0001279770  0.0002225210  0.0002516940  0.0003024780  0.0004688180  0.0001901480  0.0001261470  0.0001655840  0.0001155610  0.0003218670  0.0001767140  0.0001670870  0.0001811870  0.0001913260  0.0002489500  0.0002822310  0.0002363180  0.0002679900  0.0001145520  0.0001975750  0.0002878970  0.0002068340  0.0002629200  0.0004357710  
  0.0003864210  0.0001872390  0.0005357550  0.0011395360  0.0003046170  0.0002702810  0.0006347210  0.0002103690  0.0001404550  0.0002870670  0.0003722240  0.0004219740  0.0001474400  0.0004056410  0.0004604140  0.0003593280  0.0002140020  0.0002008540  0.0003869480  0.0003179770  0.0002024510  0.0009557820  0.0004134520  0.0004704310  0.0003126150  0.0003399180  0.0005997180  0.0002459520  0.0004026290  0.0001776420  0.0003224380  0.0004208870  0.0002917110  0.0005629350  0.0003400150  0.0001422800  0.0003722840  0.0004363020  0.0002847950  0.0005072960  0.0004260250  0.0002789360  0.0005113520  0.0004128920  0.0006586860  0.0003289220  0.0004054520  0.0002919710  0.0002252390  0.0005932440  0.0003888600  0.0003552140  0.0001962420  0.0002837640  0.0003175120  0.0004777970  0.0002504350  0.0005999620  0.0002812370  0.0006536860  0.0001304610  0.0004460250  0.0001897930  0.0005787150  0.0004056710  0.0001884900  0.0005646370  0.0005916190  0.0004811700  0.0002668640  0.0004282110  0.0006195530  0.0001366560  0.0001502960  0.0001825280  0.0004223520  0.0001597020  0.0002688960  0.0003082770  0.0003945740  0.0005893510  0.0002368770  0.0001593100  0.0002489900  0.0001503160  0.0004073280  0.0002165090  0.0002213560  0.0002486020  0.0002624920  0.0003100730  0.0003413230  0.0003454900  0.0003712310  0.0001614140  0.0002708620  0.0003741800  0.0002520700  0.0003485780  0.0007120490  
  0.0001971420  0.0001012330  0.0002389110  0.0003046170  0.0004778580  0.0001376880  0.0003162190  0.0001484090  0.0000876020  0.0002091040  0.0001871230  0.0002143270  0.0000762620  0.0001994060  0.0002465390  0.0001601700  0.0001327270  0.0001071790  0.0001836450  0.0001553080  0.0001165300  0.0003137430  0.0001966620  0.0002286080  0.0001442490  0.0001525490  0.0002371610  0.0001028680  0.0002212890  0.0001062890  0.0001537270  0.0001707550  0.0001706770  0.0002576440  0.0001702740  0.0000809000  0.0001835920  0.0001977950  0.0001478660  0.0001911250  0.0002028720  0.0001599180  0.0002197640  0.0002025690  0.0002744390  0.0001537310  0.0001855690  0.0001638890  0.0001324640  0.0002698260  0.0001824770  0.0001944900  0.0001415640  0.0001429640  0.0001513330  0.0002127400  0.0001254430  0.0002856550  0.0001244990  0.0002104670  0.0001170130  0.0002239490  0.0001175640  0.0002423250  0.0001837640  0.0001065180  0.0002568770  0.0002949650  0.0002383560  0.0001418970  0.0001955150  0.0002696480  0.0000850560  0.0000822790  0.0001533390  0.0001968790  0.0000937030  0.0001821380  0.0001657250  0.0001900970  0.0003049360  0.0001314490  0.0001290620  0.0001207210  0.0000964700  0.0002026640  0.0001579040  0.0001203020  0.0001346450  0.0001286650  0.0001618900  0.0002028850  0.0001713510  0.0001761250  0.0000915340  0.0001290630  0.0001870370  0.0002021280  0.0001666810  0.0002682270  
  0.0001729780  0.0001039050  0.0001896960  0.0002702810  0.0001376880  0.0002451740  0.0002334340  0.0001032120  0.0000733240  0.0001384970  0.0001373240  0.0001672390  0.0000760950  0.0001743570  0.0001930970  0.0001480880  0.0001093110  0.0000991290  0.0001628350  0.0001323740  0.0001059880  0.0002454040  0.0001523080  0.0001842250  0.0001105940  0.0001281850  0.0001717230  0.0000881090  0.0001788390  0.0000861760  0.0001264980  0.0001539880  0.0001337940  0.0002328950  0.0001315730  0.0000710550  0.0001430540  0.0001608470  0.0001141980  0.0001543960  0.0001663180  0.0001127190  0.0002075630  0.0001741860  0.0002231400  0.0001505990  0.0001512500  0.0001367040  0.0001204000  0.0002233280  0.0001677310  0.0001392620  0.0000940760  0.0001328570  0.0001211750  0.0001938870  0.0001054290  0.0002106560  0.0001116840  0.0001707280  0.0000817460  0.0001465100  0.0000927340  0.0001735830  0.0001466170  0.0001008630  0.0002021310  0.0002596380  0.0001834580  0.0001277490  0.0001560140  0.0002300560  0.0000713310  0.0000767090  0.0001014800  0.0001529880  0.0000821240  0.0001379440  0.0001383940  0.0001509900  0.0002298890  0.0001157870  0.0000872400  0.0001144110  0.0000768220  0.0001669390  0.0001149510  0.0000984670  0.0001001530  0.0001077590  0.0001412290  0.0001676500  0.0001714630  0.0001513140  0.0000875050  0.0001165880  0.0001648260  0.0001246980  0.0001300770  0.0002265470  
  0.0003778140  0.0001332300  0.0005507590  0.0006347210  0.0003162190  0.0002334340  0.0018469410  0.0002070780  0.0001052550  0.0003097220  0.0003403470  0.0004426300  0.0001017830  0.0004418810  0.0005151030  0.0003597700  0.0001990260  0.0001568570  0.0004171220  0.0003080270  0.0001579360  0.0006524480  0.0003936400  0.0004602690  0.0003064340  0.0002706840  0.0006214040  0.0002016520  0.0004370020  0.0001709130  0.0003710540  0.0004110560  0.0003167830  0.0006002670  0.0004033960  0.0001218070  0.0003868070  0.0004111530  0.0003487820  0.0005281770  0.0004007390  0.0002788750  0.0005319490  0.0004022190  0.0006081030  0.0004137240  0.0004049100  0.0003061740  0.0002346740  0.0005279790  0.0003943720  0.0003779420  0.0001550230  0.0002931580  0.0003102460  0.0004820440  0.0002133880  0.0006728820  0.0002411700  0.0004578890  0.0001724340  0.0004056610  0.0001937220  0.0006541230  0.0003933610  0.0001520850  0.0005464240  0.0008279230  0.0004975010  0.0002887570  0.0003937110  0.0005859440  0.0001508740  0.0001277270  0.0002276680  0.0004133540  0.0001340180  0.0003201960  0.0003513110  0.0003773990  0.0006204040  0.0002547060  0.0001729440  0.0001951230  0.0001313070  0.0004156870  0.0001971210  0.0002133230  0.0002348560  0.0002566360  0.0003147400  0.0003714990  0.0003283070  0.0003508680  0.0001234670  0.0002405360  0.0003713540  0.0002715380  0.0003409310  0.0005197470  
  0.0001581020  0.0000900890  0.0001685770  0.0002103690  0.0001484090  0.0001032120  0.0002070780  0.0002274760  0.0000678230  0.0001502820  0.0001142880  0.0001516090  0.0000720960  0.0001470340  0.0001734120  0.0001231880  0.0001003070  0.0000914150  0.0001267910  0.0001225610  0.0000981180  0.0002068680  0.0001240030  0.0001489940  0.0001116840  0.0001128300  0.0001506200  0.0000746330  0.0001579640  0.0000912650  0.0001147030  0.0001169240  0.0001195670  0.0001819770  0.0001208380  0.0000666560  0.0001249740  0.0001362130  0.0001116480  0.0001374200  0.0001361810  0.0001063330  0.0001639820  0.0001630150  0.0001752220  0.0001223310  0.0001315530  0.0001208860  0.0001061770  0.0001700350  0.0001430720  0.0001547520  0.0000911270  0.0001080220  0.0001108710  0.0001651970  0.0000927510  0.0001964970  0.0000928250  0.0001574280  0.0000862040  0.0001484720  0.0000916000  0.0001533280  0.0001310620  0.0000919870  0.0001645030  0.0002296810  0.0001614530  0.0001135670  0.0001307020  0.0001826720  0.0000736780  0.0000770860  0.0001237190  0.0001210020  0.0000857890  0.0001286140  0.0001201230  0.0001315890  0.0001866190  0.0001046340  0.0000944210  0.0001075270  0.0000791150  0.0001306220  0.0001380700  0.0000870610  0.0001050140  0.0000939270  0.0001220560  0.0001483800  0.0001372440  0.0001257480  0.0000887200  0.0001024890  0.0001415530  0.0001229120  0.0001276690  0.0001814310  
  0.0000957960  0.0000689680  0.0001049590  0.0001404550  0.0000876020  0.0000733240  0.0001052550  0.0000678230  0.0001445490  0.0000873350  0.0000814150  0.0000985900  0.0000549320  0.0000977190  0.0001126370  0.0000916080  0.0000648270  0.0000682770  0.0000890600  0.0000780040  0.0000706340  0.0001368350  0.0000859710  0.0001055810  0.0000762400  0.0000845330  0.0000964040  0.0000593030  0.0000988350  0.0000684920  0.0000737600  0.0000836200  0.0000811580  0.0001192130  0.0000919430  0.0000760400  0.0000823580  0.0001006980  0.0000723100  0.0000941770  0.0001004970  0.0000867590  0.0001076350  0.0000950730  0.0001244540  0.0000779430  0.0000918040  0.0000834800  0.0000718220  0.0001141190  0.0000937340  0.0000950650  0.0000602490  0.0000763770  0.0000811590  0.0001043090  0.0000713630  0.0001205400  0.0000729050  0.0001017420  0.0000534290  0.0000904920  0.0000634410  0.0001120530  0.0000773660  0.0000700510  0.0001102250  0.0001271040  0.0000981610  0.0000718350  0.0000910530  0.0001291610  0.0000546690  0.0000603500  0.0000698220  0.0001007850  0.0000703670  0.0000798350  0.0000847950  0.0000898210  0.0001282130  0.0000828040  0.0000619670  0.0000705690  0.0000750150  0.0000930590  0.0000727350  0.0000579350  0.0000683110  0.0000722750  0.0000829290  0.0000942620  0.0000826420  0.0000920030  0.0000601360  0.0000692610  0.0000957590  0.0000780630  0.0000811760  0.0001275790  
  0.0002128180  0.0001060120  0.0002222210  0.0002870670  0.0002091040  0.0001384970  0.0003097220  0.0001502820  0.0000873350  0.0005230600  0.0001696240  0.0002024860  0.0000688230  0.0002366600  0.0002765950  0.0001691420  0.0001317440  0.0000974980  0.0001997680  0.0001535750  0.0001013510  0.0002983870  0.0002142980  0.0002456870  0.0001449440  0.0001636700  0.0002047360  0.0000983320  0.0002574730  0.0000979070  0.0001709010  0.0002023500  0.0001742050  0.0003046530  0.0001801560  0.0000778310  0.0001872310  0.0002128330  0.0001448640  0.0001777690  0.0002014180  0.0001448260  0.0002387840  0.0002474330  0.0002760950  0.0001832550  0.0002022500  0.0001785740  0.0001389870  0.0002657750  0.0001999220  0.0002041440  0.0001357030  0.0001695970  0.0001746620  0.0002570290  0.0001281690  0.0002843270  0.0001429790  0.0001969700  0.0001136660  0.0001885480  0.0001082600  0.0002277700  0.0001653330  0.0000979340  0.0002499580  0.0002802060  0.0002677520  0.0001703640  0.0001783040  0.0002755820  0.0000857630  0.0000801150  0.0001718710  0.0001935500  0.0000939200  0.0001901470  0.0001870860  0.0001916210  0.0002858360  0.0001415730  0.0001244150  0.0001337040  0.0000866400  0.0002098160  0.0001503880  0.0001359900  0.0001224310  0.0001254260  0.0001684920  0.0002218230  0.0002130200  0.0001757850  0.0000792270  0.0001363890  0.0002022910  0.0001838070  0.0001674880  0.0002853120  
  0.0002234540  0.0000917300  0.0002740950  0.0003722240  0.0001871230  0.0001373240  0.0003403470  0.0001142880  0.0000814150  0.0001696240  0.0007239750  0.0002290930  0.0000676050  0.0002255730  0.0002726370  0.0002020100  0.0001490830  0.0000977970  0.0002222590  0.0001864800  0.0001016410  0.0003906300  0.0002399860  0.0002683980  0.0002263590  0.0002676390  0.0002596710  0.0001203660  0.0002351370  0.0001032760  0.0002072530  0.0002454930  0.0001612780  0.0003202870  0.0001964580  0.0000869560  0.0002240160  0.0002912500  0.0001667100  0.0002388300  0.0002886800  0.0001713200  0.0002617960  0.0002141960  0.0003427040  0.0002094780  0.0002016380  0.0001762300  0.0001385480  0.0003114870  0.0002313420  0.0002125090  0.0001091170  0.0001612690  0.0001814250  0.0002325310  0.0001898640  0.0003211750  0.0001445320  0.0002512750  0.0000849990  0.0002241490  0.0001255100  0.0002892980  0.0001989940  0.0000950560  0.0002899730  0.0003298100  0.0002510920  0.0001749890  0.0002849850  0.0003398560  0.0001041970  0.0000841240  0.0001232630  0.0002999690  0.0000917640  0.0001594700  0.0001825370  0.0002697500  0.0003367970  0.0001603820  0.0000920230  0.0001188610  0.0000851580  0.0002233410  0.0001150910  0.0001427510  0.0001375570  0.0002019570  0.0001868030  0.0002114430  0.0001716300  0.0002131560  0.0000821730  0.0001558290  0.0002195990  0.0001532370  0.0002005060  0.0003469450  
  0.0002560980  0.0001205820  0.0003258300  0.0004219740  0.0002143270  0.0001672390  0.0004426300  0.0001516090  0.0000985900  0.0002024860  0.0002290930  0.0005613690  0.0000923600  0.0003283950  0.0003284450  0.0002466570  0.0001627350  0.0001269310  0.0002871470  0.0002237800  0.0001409240  0.0004326400  0.0002764040  0.0003151620  0.0001911060  0.0002243560  0.0003271510  0.0001521860  0.0003403920  0.0001369700  0.0002591270  0.0002795250  0.0002235830  0.0003937540  0.0002418710  0.0000976480  0.0002611040  0.0002902430  0.0001895360  0.0002911380  0.0002801320  0.0001959720  0.0003726940  0.0003198390  0.0003893590  0.0002618810  0.0002541200  0.0002361730  0.0001761100  0.0003937150  0.0002700900  0.0002492800  0.0001299300  0.0002143860  0.0002256900  0.0003673320  0.0001518480  0.0003579920  0.0001633790  0.0002995180  0.0001173210  0.0002617170  0.0001437490  0.0003330080  0.0002705490  0.0001232760  0.0003675290  0.0004157690  0.0003701160  0.0002262210  0.0002562800  0.0004036310  0.0001003670  0.0001045020  0.0001578750  0.0002849480  0.0001191300  0.0002266760  0.0002369950  0.0002678720  0.0004161100  0.0001790670  0.0001273570  0.0001583270  0.0001045650  0.0003371970  0.0001647940  0.0001574390  0.0001579360  0.0001600120  0.0002361550  0.0002861350  0.0002588560  0.0002574100  0.0001066630  0.0001775190  0.0002668000  0.0001841840  0.0002469290  0.0003902970  
  0.0000937770  0.0001081820  0.0001008880  0.0001474400  0.0000762620  0.0000760950  0.0001017830  0.0000720960  0.0000549320  0.0000688230  0.0000676050  0.0000923600  0.0001210730  0.0000807400  0.0001011510  0.0000829780  0.0000687610  0.0001094420  0.0000797050  0.0000712580  0.0001132950  0.0001245910  0.0000687970  0.0000864520  0.0000692600  0.0000733470  0.0000841530  0.0000460890  0.0000915920  0.0000654130  0.0000574470  0.0000643250  0.0000795190  0.0000942320  0.0000724680  0.0000581650  0.0000714320  0.0000814710  0.0000610800  0.0000820250  0.0000856370  0.0000701720  0.0001027910  0.0000957820  0.0000938390  0.0000730530  0.0000816550  0.0000769370  0.0000691960  0.0001002130  0.0000801470  0.0000623460  0.0000483730  0.0000735400  0.0000633730  0.0000935740  0.0000625610  0.0001024500  0.0000594710  0.0001148570  0.0000522750  0.0000925110  0.0000658160  0.0000786830  0.0000774700  0.0001095370  0.0000966700  0.0001246440  0.0000910440  0.0000655170  0.0000881340  0.0001103050  0.0000519580  0.0000592610  0.0000529110  0.0000729100  0.0000625010  0.0000701810  0.0000696490  0.0000814440  0.0001109890  0.0000753450  0.0000555300  0.0001108950  0.0000612920  0.0000762760  0.0000737560  0.0000484250  0.0000705550  0.0000604310  0.0000741060  0.0000846050  0.0001109440  0.0000795440  0.0001053900  0.0000676380  0.0000897560  0.0000656540  0.0000731280  0.0001017860  
  0.0002576360  0.0001337460  0.0003080910  0.0004056410  0.0001994060  0.0001743570  0.0004418810  0.0001470340  0.0000977190  0.0002366600  0.0002255730  0.0003283950  0.0000807400  0.0007411070  0.0004082890  0.0002246050  0.0001501770  0.0001299250  0.0002976170  0.0002289190  0.0001456530  0.0004044410  0.0003181780  0.0003588740  0.0001713870  0.0002114060  0.0002875520  0.0001137680  0.0005367400  0.0001202280  0.0002554860  0.0003192350  0.0002671460  0.0004040380  0.0002372460  0.0000820230  0.0002791890  0.0002694880  0.0001986720  0.0002582370  0.0002600540  0.0001796520  0.0004056310  0.0005219650  0.0003806070  0.0002627590  0.0002612910  0.0002311230  0.0001763620  0.0003879460  0.0002652030  0.0002402730  0.0001404480  0.0002150350  0.0002441390  0.0006180330  0.0001375290  0.0003677540  0.0001642200  0.0002554410  0.0001101210  0.0002854840  0.0001237870  0.0003079180  0.0002467720  0.0001304400  0.0003799360  0.0003828480  0.0006501410  0.0002380560  0.0002318900  0.0004004790  0.0000750630  0.0001009500  0.0001633450  0.0002561560  0.0001112860  0.0002358730  0.0002585660  0.0002425260  0.0003637210  0.0001686130  0.0001214890  0.0001861160  0.0000994520  0.0003314260  0.0001619890  0.0001662230  0.0001584570  0.0001734600  0.0002381570  0.0002956970  0.0003389100  0.0002225070  0.0000995310  0.0001597040  0.0002755220  0.0001925530  0.0002384660  0.0003616640  
  0.0003020290  0.0001564610  0.0003589980  0.0004604140  0.0002465390  0.0001930970  0.0005151030  0.0001734120  0.0001126370  0.0002765950  0.0002726370  0.0003284450  0.0001011510  0.0004082890  0.0009873820  0.0002745110  0.0001755520  0.0001512580  0.0002914320  0.0002545720  0.0001660270  0.0004383540  0.0003290030  0.0003971830  0.0002178950  0.0002677630  0.0003041170  0.0001335580  0.0004316600  0.0001487440  0.0002732050  0.0002987580  0.0002822820  0.0004522380  0.0002712740  0.0001060490  0.0002928870  0.0003092560  0.0002266890  0.0003050670  0.0003075070  0.0002432580  0.0004266780  0.0004213100  0.0004285070  0.0003027730  0.0003014400  0.0002541650  0.0001936310  0.0004009440  0.0003049170  0.0002814230  0.0001625330  0.0002364020  0.0002670820  0.0004621390  0.0001814480  0.0004215640  0.0001936540  0.0003098770  0.0001276030  0.0003284800  0.0001489040  0.0003594470  0.0002638170  0.0001530250  0.0004002840  0.0004887930  0.0005154020  0.0002462360  0.0002888180  0.0004673560  0.0001094710  0.0001161930  0.0001902120  0.0002826700  0.0001272290  0.0002455210  0.0002883720  0.0002864740  0.0004483470  0.0002156260  0.0001380100  0.0001963320  0.0001169380  0.0003390790  0.0001702130  0.0002001760  0.0001865050  0.0001932070  0.0002614930  0.0003105760  0.0003272820  0.0002650620  0.0001242650  0.0001898820  0.0003114940  0.0002191570  0.0002541990  0.0004299100  
  0.0002255010  0.0001070510  0.0002668070  0.0003593280  0.0001601700  0.0001480880  0.0003597700  0.0001231880  0.0000916080  0.0001691420  0.0002020100  0.0002466570  0.0000829780  0.0002246050  0.0002745110  0.0003909460  0.0001413300  0.0001111140  0.0002455850  0.0001975960  0.0001160030  0.0003433980  0.0002442830  0.0002578860  0.0001780470  0.0001969830  0.0002561700  0.0001249650  0.0002378540  0.0001121530  0.0002001850  0.0002241150  0.0001835750  0.0003094370  0.0002073540  0.0000871580  0.0002156430  0.0002465340  0.0001683570  0.0002319370  0.0002427970  0.0001600540  0.0003123570  0.0002390740  0.0003193940  0.0002096040  0.0002069140  0.0001858310  0.0001451380  0.0003049900  0.0002391370  0.0002087950  0.0001064130  0.0001773020  0.0001799800  0.0002618580  0.0001565510  0.0003165580  0.0001432300  0.0002529110  0.0000960040  0.0002175900  0.0001254100  0.0002697900  0.0002104390  0.0001052150  0.0002892020  0.0002972790  0.0002406890  0.0001817300  0.0002341580  0.0003308340  0.0000935660  0.0000897670  0.0001333240  0.0002366850  0.0000999490  0.0001846220  0.0002058160  0.0002235520  0.0003400510  0.0001473260  0.0001043590  0.0001349510  0.0000928450  0.0002290540  0.0001292610  0.0001356830  0.0001321990  0.0001632810  0.0002007860  0.0002301680  0.0001918210  0.0002563570  0.0000955950  0.0001658300  0.0002316200  0.0001602120  0.0002086210  0.0003242130  
  0.0001656480  0.0000866190  0.0001730300  0.0002140020  0.0001327270  0.0001093110  0.0001990260  0.0001003070  0.0000648270  0.0001317440  0.0001490830  0.0001627350  0.0000687610  0.0001501770  0.0001755520  0.0001413300  0.0003055310  0.0000886710  0.0001456440  0.0001315070  0.0000906330  0.0002283670  0.0001641530  0.0001635470  0.0001323980  0.0001350200  0.0001660400  0.0000812480  0.0001556260  0.0000958280  0.0001389620  0.0001330260  0.0001247910  0.0002013020  0.0001375960  0.0000690700  0.0001383860  0.0001794590  0.0001139550  0.0001513820  0.0001763000  0.0001122880  0.0001854470  0.0001506850  0.0001990290  0.0001647330  0.0001367530  0.0001363490  0.0001092380  0.0002066600  0.0001494970  0.0001321210  0.0000863040  0.0001329480  0.0001197180  0.0001723170  0.0001226930  0.0002026820  0.0001034270  0.0001651170  0.0000813080  0.0001448890  0.0001015840  0.0001624510  0.0001339570  0.0000857630  0.0001797530  0.0002148400  0.0001521080  0.0001255990  0.0001711690  0.0002096090  0.0000847860  0.0000778020  0.0001042210  0.0001567150  0.0000845400  0.0001279650  0.0001278740  0.0001609300  0.0002050980  0.0001159280  0.0000796370  0.0001012250  0.0000770080  0.0001474510  0.0001076040  0.0000939940  0.0000952400  0.0001216460  0.0001352680  0.0001571930  0.0001238180  0.0001462890  0.0000792100  0.0001116620  0.0001504150  0.0001253680  0.0001357170  0.0002060820  
  0.0001261450  0.0001307110  0.0001346340  0.0002008540  0.0001071790  0.0000991290  0.0001568570  0.0000914150  0.0000682770  0.0000974980  0.0000977970  0.0001269310  0.0001094420  0.0001299250  0.0001512580  0.0001111140  0.0000886710  0.0001659790  0.0001182050  0.0000983470  0.0001353700  0.0001750360  0.0001057930  0.0001309740  0.0000867680  0.0000999860  0.0001141300  0.0000673120  0.0001401610  0.0000826740  0.0000926460  0.0001002930  0.0001068520  0.0001427340  0.0000889090  0.0000701560  0.0001088030  0.0001121790  0.0000873280  0.0001096960  0.0001122520  0.0000983260  0.0001446860  0.0001387050  0.0001448530  0.0001023540  0.0001133170  0.0001071250  0.0000924970  0.0001483530  0.0001111230  0.0000957390  0.0000698440  0.0000960840  0.0000983370  0.0001420650  0.0000796650  0.0001417570  0.0000838120  0.0001423790  0.0000652820  0.0001279000  0.0000826900  0.0001148000  0.0001073910  0.0001275120  0.0001336550  0.0001802760  0.0001413090  0.0000919260  0.0001163020  0.0001647750  0.0000657620  0.0000730700  0.0000794240  0.0000999060  0.0000761840  0.0000974390  0.0001033740  0.0001106890  0.0001599460  0.0000990530  0.0000717630  0.0001324970  0.0000734760  0.0001150540  0.0000960160  0.0000675230  0.0000931930  0.0000807080  0.0001039580  0.0001181750  0.0001544390  0.0001113280  0.0001196500  0.0000904170  0.0001167780  0.0000889330  0.0000990140  0.0001492830  
  0.0002425500  0.0001082020  0.0003019180  0.0003869480  0.0001836450  0.0001628350  0.0004171220  0.0001267910  0.0000890600  0.0001997680  0.0002222590  0.0002871470  0.0000797050  0.0002976170  0.0002914320  0.0002455850  0.0001456440  0.0001182050  0.0004675600  0.0002035750  0.0001211390  0.0003883120  0.0002530210  0.0003027780  0.0001795490  0.0002103300  0.0002905190  0.0001263390  0.0003047280  0.0001113190  0.0002299500  0.0002540920  0.0002041160  0.0003368710  0.0002335880  0.0000863590  0.0002499930  0.0002584640  0.0001836580  0.0002674810  0.0002503940  0.0001665720  0.0003593140  0.0002887940  0.0003693880  0.0002343110  0.0002311160  0.0002179030  0.0001623960  0.0003511380  0.0002580310  0.0002118760  0.0001177690  0.0001898710  0.0001982480  0.0003247950  0.0001373510  0.0003431170  0.0001584540  0.0002746790  0.0001071420  0.0002385160  0.0001204480  0.0003012220  0.0002313360  0.0001081200  0.0003273850  0.0003817480  0.0003162690  0.0002069670  0.0002404020  0.0003708270  0.0000953010  0.0000950010  0.0001346680  0.0002412310  0.0000980940  0.0001981240  0.0002266810  0.0002367590  0.0003720960  0.0001549930  0.0001087710  0.0001444870  0.0000926220  0.0002622230  0.0001362530  0.0001371320  0.0001373540  0.0001485400  0.0002214600  0.0002486530  0.0002358790  0.0002503100  0.0000993500  0.0001668700  0.0002414400  0.0001584810  0.0002179610  0.0003552300  
  0.0002155910  0.0000953970  0.0002482150  0.0003179770  0.0001553080  0.0001323740  0.0003080270  0.0001225610  0.0000780040  0.0001535750  0.0001864800  0.0002237800  0.0000712580  0.0002289190  0.0002545720  0.0001975960  0.0001315070  0.0000983470  0.0002035750  0.0003515450  0.0001053890  0.0003240930  0.0002524640  0.0002331560  0.0001625990  0.0001749770  0.0002344680  0.0001086460  0.0002433050  0.0001082670  0.0002399780  0.0002265240  0.0001796190  0.0003131310  0.0001916400  0.0000818480  0.0002265400  0.0002272990  0.0001636410  0.0002156830  0.0002238490  0.0001598840  0.0002857730  0.0002357430  0.0002995400  0.0001939340  0.0002114280  0.0001715670  0.0001367130  0.0002911790  0.0002182020  0.0002044560  0.0001005840  0.0001799280  0.0001821720  0.0002593280  0.0001371940  0.0002922260  0.0001333500  0.0002270710  0.0000939430  0.0002131440  0.0001162870  0.0002531720  0.0001911000  0.0000992260  0.0002720410  0.0003128910  0.0002612260  0.0001997890  0.0002140810  0.0002895760  0.0000911120  0.0000964240  0.0001283720  0.0002088660  0.0000979730  0.0001666400  0.0001869530  0.0002123640  0.0003000530  0.0001414250  0.0000967550  0.0001251580  0.0000925960  0.0002108540  0.0001287880  0.0001426900  0.0001366990  0.0001329580  0.0001868930  0.0002186860  0.0001722780  0.0001881730  0.0000870530  0.0001528480  0.0002195580  0.0001509940  0.0001941980  0.0002818090  
  0.0001342260  0.0001345090  0.0001467250  0.0002024510  0.0001165300  0.0001059880  0.0001579360  0.0000981180  0.0000706340  0.0001013510  0.0001016410  0.0001409240  0.0001132950  0.0001456530  0.0001660270  0.0001160030  0.0000906330  0.0001353700  0.0001211390  0.0001053890  0.0001741980  0.0001764360  0.0001110350  0.0001409850  0.0000934340  0.0001079890  0.0001164290  0.0000673390  0.0001538540  0.0000860680  0.0000955170  0.0001141580  0.0001243410  0.0001577390  0.0001033070  0.0000726940  0.0001134010  0.0001152870  0.0000890000  0.0001160370  0.0001245230  0.0001030600  0.0001648480  0.0001544420  0.0001455460  0.0001154200  0.0001174390  0.0001150420  0.0000998590  0.0001634310  0.0001253120  0.0001023340  0.0000720310  0.0001053180  0.0001067080  0.0001586430  0.0000838730  0.0001551600  0.0000858510  0.0001486080  0.0000684650  0.0001380480  0.0000874790  0.0001251610  0.0001182230  0.0001345150  0.0001520900  0.0001983270  0.0001651880  0.0001014380  0.0001294970  0.0001712270  0.0000685040  0.0000764590  0.0000811560  0.0001042420  0.0000832650  0.0001084440  0.0001088590  0.0001226020  0.0001656540  0.0001067420  0.0000729380  0.0001451410  0.0000770700  0.0001214280  0.0001012850  0.0000722780  0.0000994430  0.0000847910  0.0001129110  0.0001301760  0.0001625750  0.0001132530  0.0001228670  0.0000932580  0.0001285490  0.0000956850  0.0001107280  0.0001525520  
  0.0003880350  0.0001599140  0.0005456760  0.0009557820  0.0003137430  0.0002454040  0.0006524480  0.0002068680  0.0001368350  0.0002983870  0.0003906300  0.0004326400  0.0001245910  0.0004044410  0.0004383540  0.0003433980  0.0002283670  0.0001750360  0.0003883120  0.0003240930  0.0001764360  0.0012000600  0.0003907890  0.0004713120  0.0003269800  0.0003114060  0.0006174090  0.0002486310  0.0003988280  0.0001687210  0.0003152470  0.0003888360  0.0002800660  0.0005252990  0.0003609020  0.0001381950  0.0003823110  0.0004543560  0.0002840930  0.0005284760  0.0004463210  0.0002783560  0.0004905840  0.0003910720  0.0006660790  0.0003361310  0.0004276230  0.0003025710  0.0002048250  0.0005992360  0.0003945410  0.0003520900  0.0002011390  0.0002969960  0.0003146350  0.0004763390  0.0002483920  0.0005897030  0.0002539720  0.0006488350  0.0001317590  0.0004165810  0.0001914120  0.0005946810  0.0004227120  0.0001568810  0.0005668310  0.0006111930  0.0004523490  0.0002826650  0.0004411790  0.0006240870  0.0001431250  0.0001459530  0.0001882420  0.0004418260  0.0001668490  0.0002665160  0.0003126730  0.0004150970  0.0005995880  0.0002527520  0.0001539730  0.0002307510  0.0001550470  0.0004172470  0.0002125820  0.0002215240  0.0002364680  0.0002617420  0.0003190460  0.0003374410  0.0003101210  0.0003749600  0.0001408520  0.0002763160  0.0003555280  0.0002524880  0.0003586300  0.0006868010  
  0.0002632990  0.0001035820  0.0003051750  0.0004134520  0.0001966620  0.0001523080  0.0003936400  0.0001240030  0.0000859710  0.0002142980  0.0002399860  0.0002764040  0.0000687970  0.0003181780  0.0003290030  0.0002442830  0.0001641530  0.0001057930  0.0002530210  0.0002524640  0.0001110350  0.0003907890  0.0008417800  0.0003250150  0.0001846350  0.0002237230  0.0002847750  0.0001312940  0.0003116600  0.0001325630  0.0003180690  0.0003218090  0.0002453650  0.0004338840  0.0002705720  0.0000801800  0.0002734840  0.0002760470  0.0001949480  0.0002619650  0.0002828750  0.0002190890  0.0003659380  0.0003044920  0.0003945290  0.0002344260  0.0002960710  0.0002063610  0.0001508150  0.0003473650  0.0002841940  0.0002600730  0.0001379280  0.0002277840  0.0002392760  0.0003473730  0.0001855470  0.0003523190  0.0001815320  0.0002831620  0.0001248960  0.0002443960  0.0001257650  0.0003107700  0.0002363870  0.0001001950  0.0003590530  0.0003842840  0.0003366280  0.0002201300  0.0002671680  0.0003632130  0.0000950080  0.0001008720  0.0001697320  0.0002836440  0.0000977920  0.0002198140  0.0002403680  0.0002699270  0.0004054020  0.0001718360  0.0001184270  0.0001371080  0.0000880000  0.0002691960  0.0001433570  0.0001846740  0.0001447560  0.0001816760  0.0002220010  0.0002665790  0.0002414700  0.0002250140  0.0000783950  0.0001796350  0.0002701020  0.0001887450  0.0002508500  0.0003749390  
  0.0002914990  0.0001270260  0.0003547840  0.0004704310  0.0002286080  0.0001842250  0.0004602690  0.0001489940  0.0001055810  0.0002456870  0.0002683980  0.0003151620  0.0000864520  0.0003588740  0.0003971830  0.0002578860  0.0001635470  0.0001309740  0.0003027780  0.0002331560  0.0001409850  0.0004713120  0.0003250150  0.0006947030  0.0002155400  0.0002296850  0.0003191410  0.0001444880  0.0003817310  0.0001279380  0.0002572490  0.0002888470  0.0002503550  0.0004024300  0.0002712150  0.0001006670  0.0002874420  0.0003033880  0.0002274100  0.0002998740  0.0003009000  0.0002101130  0.0004057060  0.0003694880  0.0004321010  0.0002760860  0.0003042190  0.0002411590  0.0001772690  0.0003902900  0.0002971420  0.0002656600  0.0001552550  0.0002303260  0.0002671990  0.0004052560  0.0001832620  0.0004339010  0.0001843060  0.0003137320  0.0001153990  0.0003199410  0.0001324280  0.0003568670  0.0002654210  0.0001225730  0.0004022640  0.0003792500  0.0004285220  0.0002264500  0.0002688300  0.0004367530  0.0001092400  0.0001044550  0.0001804850  0.0002966360  0.0001124960  0.0002190170  0.0002815860  0.0002972000  0.0004122210  0.0001889730  0.0001256460  0.0001910680  0.0001090250  0.0003205090  0.0001674160  0.0001923570  0.0001722810  0.0002001120  0.0002597900  0.0002836470  0.0002978100  0.0002580730  0.0001028880  0.0001881840  0.0002884000  0.0001986300  0.0002576560  0.0004183770  
  0.0001974230  0.0000776970  0.0002402180  0.0003126150  0.0001442490  0.0001105940  0.0003064340  0.0001116840  0.0000762400  0.0001449440  0.0002263590  0.0001911060  0.0000692600  0.0001713870  0.0002178950  0.0001780470  0.0001323980  0.0000867680  0.0001795490  0.0001625990  0.0000934340  0.0003269800  0.0001846350  0.0002155400  0.0003512300  0.0002158450  0.0002356360  0.0001029530  0.0001807640  0.0000941770  0.0001527580  0.0001702190  0.0001393390  0.0002182420  0.0001741040  0.0000812240  0.0001699080  0.0002480280  0.0001418850  0.0002053890  0.0002580480  0.0001386450  0.0002255530  0.0001844210  0.0002791300  0.0001914620  0.0001867820  0.0001543380  0.0001102410  0.0002552050  0.0001888290  0.0001638560  0.0000888050  0.0001404350  0.0001493070  0.0001948870  0.0001563280  0.0002683250  0.0001159430  0.0002351120  0.0000748990  0.0001922840  0.0001125180  0.0002339860  0.0001787240  0.0000841080  0.0002325700  0.0002743360  0.0001935570  0.0001344190  0.0002563840  0.0002748130  0.0001226400  0.0000764890  0.0001097260  0.0002389660  0.0000872610  0.0001366240  0.0001495010  0.0002340030  0.0002719560  0.0001348150  0.0000817810  0.0001126640  0.0000855360  0.0001755210  0.0001119940  0.0001058520  0.0001242700  0.0001552570  0.0001523600  0.0001731340  0.0001308200  0.0001713790  0.0000771160  0.0001287290  0.0001770360  0.0001316680  0.0001651380  0.0003081240  
  0.0002090540  0.0000980460  0.0002470910  0.0003399180  0.0001525490  0.0001281850  0.0002706840  0.0001128300  0.0000845330  0.0001636700  0.0002676390  0.0002243560  0.0000733470  0.0002114060  0.0002677630  0.0001969830  0.0001350200  0.0000999860  0.0002103300  0.0001749770  0.0001079890  0.0003114060  0.0002237230  0.0002296850  0.0002158450  0.0005365850  0.0002390500  0.0001178290  0.0002167260  0.0001040660  0.0001858090  0.0002263800  0.0001696210  0.0002828500  0.0001904020  0.0000821980  0.0001777560  0.0002926020  0.0001537980  0.0002131600  0.0003005600  0.0001428030  0.0002811900  0.0002170250  0.0002840350  0.0002336380  0.0001705440  0.0001645590  0.0001319560  0.0002881040  0.0002284770  0.0001963500  0.0001044790  0.0001474320  0.0001941470  0.0002486510  0.0001831880  0.0002968650  0.0001424410  0.0002364310  0.0000867470  0.0002125720  0.0001149430  0.0002624820  0.0001893360  0.0000994320  0.0002655090  0.0003052810  0.0002526730  0.0001598930  0.0003202580  0.0003155300  0.0001138360  0.0000893580  0.0001275950  0.0002864990  0.0000978790  0.0001566910  0.0001820870  0.0002784310  0.0002894360  0.0001503570  0.0000995840  0.0001210270  0.0000867790  0.0002067440  0.0001246500  0.0001206780  0.0001240930  0.0001801450  0.0001746920  0.0001979100  0.0001761290  0.0002042720  0.0000866890  0.0001405970  0.0001974050  0.0001526050  0.0001836840  0.0003109500  
  0.0002863660  0.0000985920  0.0004654220  0.0005997180  0.0002371610  0.0001717230  0.0006214040  0.0001506200  0.0000964040  0.0002047360  0.0002596710  0.0003271510  0.0000841530  0.0002875520  0.0003041170  0.0002561700  0.0001660400  0.0001141300  0.0002905190  0.0002344680  0.0001164290  0.0006174090  0.0002847750  0.0003191410  0.0002356360  0.0002390500  0.0007913170  0.0001937980  0.0002881780  0.0001327180  0.0002644910  0.0003023500  0.0002165660  0.0003902420  0.0002913340  0.0000950080  0.0002779410  0.0003121820  0.0002804810  0.0005399930  0.0003000690  0.0001888500  0.0003707850  0.0002468560  0.0005166500  0.0002630270  0.0002836860  0.0002298160  0.0001536930  0.0004643840  0.0003000450  0.0002802260  0.0001227610  0.0002128650  0.0002162060  0.0003375940  0.0001673360  0.0005231920  0.0001982340  0.0004196470  0.0001019140  0.0003559340  0.0001384820  0.0005882190  0.0003312260  0.0001071520  0.0004383360  0.0005564720  0.0003210290  0.0002107050  0.0003166290  0.0004479440  0.0001004010  0.0000944890  0.0001537780  0.0003047580  0.0001129060  0.0001939190  0.0002263670  0.0002972760  0.0004779890  0.0001799390  0.0001196920  0.0001376110  0.0001071010  0.0003205150  0.0001477980  0.0001567460  0.0001701080  0.0001781490  0.0002285490  0.0002650280  0.0001998520  0.0002771820  0.0000964800  0.0001986070  0.0002588080  0.0001940230  0.0002521330  0.0004795320  
  0.0001263860  0.0000560070  0.0001675110  0.0002459520  0.0001028680  0.0000881090  0.0002016520  0.0000746330  0.0000593030  0.0000983320  0.0001203660  0.0001521860  0.0000460890  0.0001137680  0.0001335580  0.0001249650  0.0000812480  0.0000673120  0.0001263390  0.0001086460  0.0000673390  0.0002486310  0.0001312940  0.0001444880  0.0001029530  0.0001178290  0.0001937980  0.0002164730  0.0001170670  0.0000798500  0.0001230100  0.0001227820  0.0001032820  0.0001761690  0.0001352160  0.0000555090  0.0001227500  0.0001525310  0.0001088940  0.0001753730  0.0001485890  0.0001172990  0.0001592280  0.0001123360  0.0002405070  0.0001259480  0.0001205960  0.0001066060  0.0000785610  0.0001947950  0.0001561410  0.0001424600  0.0000762690  0.0001017130  0.0001116090  0.0001336200  0.0000899320  0.0001994140  0.0001373750  0.0001812630  0.0000580020  0.0001470490  0.0000720060  0.0002083100  0.0001432740  0.0000597370  0.0001778030  0.0002232890  0.0001185180  0.0000974730  0.0001529770  0.0002028940  0.0000626560  0.0000531100  0.0000773150  0.0001468010  0.0000608020  0.0000943630  0.0001207150  0.0001365250  0.0001839800  0.0000933020  0.0000664560  0.0000665600  0.0000595860  0.0001376240  0.0000783090  0.0000809480  0.0000810640  0.0000867450  0.0001116190  0.0001329350  0.0000941830  0.0001324230  0.0000484050  0.0001009960  0.0001144610  0.0000884630  0.0001361160  0.0002314020  
