 100   300   0.10  30  0.000200000 
 0.0004725100  0.0002398440  0.0002589930  0.0001873110  0.0001390110  0.0002646210  0.0001397090  0.0001987630  0.0002365260  0.0001857900  0.0002378700  0.0002681240  0.0002375160  0.0003147640  0.0001856260  0.0001651370  0.0003021190  0.0002127370  0.0001550740  0.0002138160  0.0002192150  0.0002198170  0.0000676990  0.0003357980  0.0003050250  0.0003125550  0.0001895990  0.0001795300  0.0003812000  0.0002133660  0.0002085110  0.0003280810  0.0001104520  0.0002826320  0.0001672180  0.0000749520  0.0002766140  0.0002848910  0.0002230820  0.0004122170  0.0002668820  0.0002219710  0.0002550460  0.0003193160  0.0003609310  0.0002150750  0.0003155740  0.0001363130  0.0003469010  0.0003221770  0.0001105050  0.0002734490  0.0003162640  0.0003145100  0.0001020390  0.0001891860  0.0002274640  0.0001203640  0.0003927530  0.0002860860  0.0002079460  0.0002916560  0.0002336210  0.0001728270  0.0003642270  0.0002022310  0.0002413420  0.0004004740  0.0001686050  0.0002027970  0.0002790780  0.0003730450  0.0003010250  0.0002379440  0.0001229260  0.0001737630  0.0002760970  0.0001068550  0.0002336700  0.0001560900  0.0001538320  0.0002939810  0.0002018940  0.0003404450  0.0002395470  0.0000630300  0.0001486880  0.0002939740  0.0000895070  0.0003622990  0.0000790840  0.0002714960  0.0001811370  0.0003260350  0.0002600360  0.0002688180  0.0003236400  0.0001710600  0.0002513830  0.0002657130  
  0.0002398440  0.0004289820  0.0003021580  0.0001573970  0.0001530210  0.0002360660  0.0001399870  0.0001946670  0.0001943440  0.0001993700  0.0002225200  0.0002586100  0.0002308290  0.0003541130  0.0001932830  0.0001827330  0.0003227210  0.0002265750  0.0001512110  0.0002156240  0.0001798890  0.0002907890  0.0000752180  0.0002496960  0.0002337100  0.0003017990  0.0001922120  0.0001768980  0.0003282800  0.0001988620  0.0001949250  0.0003826700  0.0001103760  0.0002700640  0.0001741130  0.0000785060  0.0002597980  0.0002623340  0.0001988530  0.0003201270  0.0002734550  0.0001907260  0.0002658520  0.0002983610  0.0003548890  0.0001982100  0.0002613960  0.0001456720  0.0003186160  0.0002673670  0.0001276120  0.0002671110  0.0002943880  0.0002467520  0.0001101640  0.0001884910  0.0002272440  0.0001179000  0.0003700810  0.0002611060  0.0001969540  0.0003038540  0.0002411410  0.0001732650  0.0003657850  0.0001989200  0.0002187170  0.0002973830  0.0001971140  0.0002186880  0.0002717070  0.0003182880  0.0002866610  0.0002145920  0.0001216990  0.0001749300  0.0002820040  0.0001208290  0.0002259570  0.0001678930  0.0001554200  0.0002690720  0.0002049860  0.0002379120  0.0002202510  0.0000769460  0.0001688590  0.0002823760  0.0001151390  0.0002645930  0.0000994500  0.0002343600  0.0001661050  0.0002600800  0.0002513890  0.0002744840  0.0002791500  0.0001686900  0.0002355090  0.0002434380  
  0.0002589930  0.0003021580  0.0012760560  0.0001311750  0.0001829020  0.0002687420  0.0001864280  0.0002756940  0.0002336950  0.0002819270  0.0002845610  0.0003767200  0.0003082670  0.0005016810  0.0002334790  0.0002033970  0.0004295350  0.0002963850  0.0001844100  0.0002614510  0.0002591920  0.0007283340  0.0000701330  0.0001763310  0.0001924620  0.0004187520  0.0002225990  0.0002229750  0.0004830220  0.0002475980  0.0002311940  0.0012504070  0.0001554040  0.0004256940  0.0002196670  0.0000848550  0.0002798620  0.0003014640  0.0002248170  0.0003442970  0.0003623370  0.0001946930  0.0003270870  0.0003135650  0.0004698590  0.0002654870  0.0003429350  0.0001963790  0.0004498220  0.0002850480  0.0001543740  0.0003538730  0.0004015650  0.0002002370  0.0001134520  0.0002148680  0.0002714670  0.0001206530  0.0005516570  0.0003675920  0.0002730130  0.0005032430  0.0003105050  0.0001977450  0.0005963750  0.0002455730  0.0002800940  0.0003216610  0.0002697470  0.0003243360  0.0003986940  0.0004671010  0.0003775970  0.0002443550  0.0001291590  0.0002409280  0.0003746280  0.0001393400  0.0002938910  0.0002105180  0.0001737150  0.0003285660  0.0002244750  0.0001921370  0.0002852030  0.0000942540  0.0002164770  0.0003742960  0.0001734360  0.0002096390  0.0001339480  0.0002979800  0.0002092590  0.0002208380  0.0002577370  0.0003668360  0.0003842340  0.0001880080  0.0002645110  0.0002800190  
  0.0001873110  0.0001573970  0.0001311750  0.0002441030  0.0001033540  0.0001781190  0.0001238740  0.0001536140  0.0001724690  0.0001276680  0.0001510910  0.0001634450  0.0001383070  0.0001840650  0.0001353590  0.0001260170  0.0001875920  0.0001480730  0.0001215510  0.0001405490  0.0001489740  0.0001209370  0.0000871270  0.0003096270  0.0002532760  0.0002045680  0.0001347840  0.0001330140  0.0002028790  0.0001661080  0.0001609750  0.0001783580  0.0001034840  0.0001847610  0.0001182350  0.0000836110  0.0001907860  0.0002086940  0.0001611630  0.0002490390  0.0001793220  0.0002129670  0.0001694660  0.0002625420  0.0002469510  0.0001703590  0.0002050400  0.0001111620  0.0002086290  0.0002252610  0.0000994320  0.0001692470  0.0002198820  0.0002761530  0.0001096580  0.0001481310  0.0001664860  0.0001188780  0.0002570870  0.0001523460  0.0001622480  0.0001861190  0.0001534840  0.0001377250  0.0002274060  0.0001439300  0.0001796060  0.0002769790  0.0001328580  0.0001357170  0.0001795510  0.0001985510  0.0001886270  0.0001669890  0.0001207160  0.0001298550  0.0001924510  0.0001020370  0.0001554150  0.0001186870  0.0001150070  0.0002082410  0.0001351690  0.0002731910  0.0001659610  0.0000790380  0.0001106910  0.0002023650  0.0000873770  0.0002952250  0.0000811080  0.0001846310  0.0001334470  0.0002972900  0.0001773790  0.0001549010  0.0002142290  0.0001387550  0.0001748900  0.0001832680  
  0.0001390110  0.0001530210  0.0001829020  0.0001033540  0.0002228420  0.0001584970  0.0000888520  0.0001284360  0.0001324510  0.0001175690  0.0001632120  0.0001669030  0.0001357120  0.0001834320  0.0001284150  0.0001217870  0.0001881290  0.0001343900  0.0001056600  0.0001590490  0.0001399860  0.0001557170  0.0000422970  0.0001627930  0.0001516010  0.0001727940  0.0001400020  0.0001230410  0.0002025080  0.0001306700  0.0001426900  0.0002396240  0.0000771560  0.0001728770  0.0001069140  0.0000484250  0.0001549580  0.0001574390  0.0001428110  0.0002010460  0.0001515120  0.0001305090  0.0001658920  0.0002001760  0.0002031900  0.0001313120  0.0001719860  0.0000939940  0.0001887210  0.0001724950  0.0000809010  0.0002047890  0.0001970750  0.0001662230  0.0000692100  0.0001276320  0.0001422350  0.0000722780  0.0002300060  0.0001700690  0.0001314870  0.0001760910  0.0001434260  0.0001108800  0.0002187620  0.0001303140  0.0001554900  0.0001951340  0.0001418490  0.0001427510  0.0001567460  0.0002033820  0.0001668010  0.0001407080  0.0000811800  0.0001164530  0.0001617360  0.0000920570  0.0001356830  0.0001137730  0.0001021170  0.0001787710  0.0001253490  0.0001650020  0.0001298010  0.0000528180  0.0001153260  0.0001737440  0.0000694220  0.0001820620  0.0000587740  0.0001846740  0.0001224000  0.0001711770  0.0001495110  0.0001700560  0.0001871760  0.0001180630  0.0001479320  0.0001640950  
  0.0002646210  0.0002360660  0.0002687420  0.0001781190  0.0001584970  0.0003958150  0.0001462040  0.0002009940  0.0002202280  0.0001894450  0.0002558820  0.0002587100  0.0002167510  0.0003001960  0.0001905480  0.0001774480  0.0003003450  0.0002267150  0.0001596520  0.0002243850  0.0002114000  0.0002470480  0.0000801730  0.0002873650  0.0002602040  0.0002868330  0.0002224640  0.0001877040  0.0003436930  0.0002123670  0.0002195580  0.0003397050  0.0001237030  0.0002780200  0.0001692920  0.0000897560  0.0002569920  0.0002668000  0.0002300700  0.0003553490  0.0002489430  0.0002146200  0.0002572410  0.0003114940  0.0003465090  0.0002135080  0.0002794850  0.0001504150  0.0003124120  0.0002828380  0.0001237280  0.0003116040  0.0003019890  0.0002755220  0.0001180730  0.0002004410  0.0002257590  0.0001285490  0.0003628120  0.0002614610  0.0002113230  0.0002815000  0.0002394240  0.0001768930  0.0003258800  0.0002111710  0.0002354880  0.0003432790  0.0001915330  0.0002195990  0.0002588080  0.0003089880  0.0002757260  0.0002202540  0.0001332980  0.0001707410  0.0002648490  0.0001389800  0.0002316200  0.0001737740  0.0001571790  0.0002890540  0.0002025910  0.0002804510  0.0002172790  0.0000779120  0.0001717450  0.0002890710  0.0001096930  0.0003112740  0.0000899520  0.0002701020  0.0001763020  0.0002860840  0.0002392560  0.0002659030  0.0003011570  0.0001857140  0.0002461950  0.0002639310  
  0.0001397090  0.0001399870  0.0001864280  0.0001238740  0.0000888520  0.0001462040  0.0003390300  0.0001294930  0.0001276170  0.0001231860  0.0001303170  0.0001457420  0.0001425120  0.0001933820  0.0001363210  0.0001016860  0.0001834100  0.0001461580  0.0001090000  0.0001254330  0.0001354230  0.0001501470  0.0000689430  0.0001882620  0.0001555250  0.0001887000  0.0001137310  0.0001227900  0.0001949270  0.0001380300  0.0001366990  0.0002345790  0.0000900780  0.0001671910  0.0001050370  0.0000705550  0.0001477390  0.0001579360  0.0001340080  0.0001870270  0.0001645230  0.0001538340  0.0001420600  0.0001865050  0.0002220330  0.0001455740  0.0001661770  0.0000952400  0.0002134000  0.0001638320  0.0000844210  0.0001352290  0.0001955130  0.0001584570  0.0000958140  0.0001207550  0.0001370860  0.0000994430  0.0002590770  0.0001865380  0.0001260250  0.0001958570  0.0001470730  0.0001035170  0.0002306930  0.0001320530  0.0001560610  0.0002148850  0.0001175280  0.0001375570  0.0001701080  0.0001812620  0.0001823450  0.0001244320  0.0000930340  0.0001031870  0.0001735410  0.0000855420  0.0001321990  0.0001065310  0.0000997410  0.0001769400  0.0001119420  0.0001729360  0.0001373480  0.0000630410  0.0001006240  0.0001823800  0.0000878170  0.0001849430  0.0000745280  0.0001447560  0.0001200310  0.0001946010  0.0001535700  0.0001590030  0.0002020260  0.0001128970  0.0001397420  0.0001448100  
  0.0001987630  0.0001946670  0.0002756940  0.0001536140  0.0001284360  0.0002009940  0.0001294930  0.0003285180  0.0001776430  0.0001814520  0.0001897330  0.0002303270  0.0002155520  0.0002742710  0.0001761220  0.0001501210  0.0002537260  0.0001914960  0.0001416830  0.0001707180  0.0001675750  0.0002299130  0.0000785120  0.0002311560  0.0002193510  0.0002946530  0.0001519200  0.0001631470  0.0003036340  0.0001852170  0.0001702830  0.0003493140  0.0001108200  0.0002326010  0.0001424460  0.0000864930  0.0002054770  0.0002131500  0.0001738930  0.0002609130  0.0002637910  0.0001766270  0.0002238100  0.0002457440  0.0003485400  0.0001862370  0.0002532080  0.0001299500  0.0003147810  0.0002308800  0.0001154950  0.0001948070  0.0002822460  0.0002145470  0.0001095230  0.0001730370  0.0001935800  0.0001190300  0.0003726840  0.0002115670  0.0001713250  0.0002944270  0.0001973910  0.0001507210  0.0003746600  0.0001541250  0.0001911020  0.0002569710  0.0001679250  0.0001875620  0.0002907240  0.0002626540  0.0002755660  0.0001827360  0.0001203700  0.0001575750  0.0002782540  0.0001070450  0.0001852830  0.0001422470  0.0001321250  0.0002484280  0.0001467980  0.0002196150  0.0001918640  0.0000798950  0.0001517170  0.0002591530  0.0001044700  0.0002462130  0.0000961550  0.0002048430  0.0001498810  0.0002335360  0.0001890580  0.0002263640  0.0002613130  0.0001354230  0.0001965550  0.0001967350  
  0.0002365260  0.0001943440  0.0002336950  0.0001724690  0.0001324510  0.0002202280  0.0001276170  0.0001776430  0.0003051190  0.0001614460  0.0001965220  0.0002228410  0.0001884550  0.0002659460  0.0001563850  0.0001526360  0.0002502130  0.0001976450  0.0001422100  0.0001831210  0.0001977280  0.0002038460  0.0000718230  0.0002856160  0.0002574150  0.0002496070  0.0001659800  0.0001572840  0.0002969790  0.0001832220  0.0001862780  0.0003012860  0.0001094890  0.0002386310  0.0001435070  0.0000773160  0.0002315320  0.0002581850  0.0001916330  0.0002985050  0.0002174160  0.0002103500  0.0002235380  0.0002706070  0.0002951830  0.0001936130  0.0002633800  0.0001279620  0.0002700700  0.0002685350  0.0001058900  0.0002237760  0.0002682650  0.0002669480  0.0001060570  0.0001692720  0.0002039480  0.0001168170  0.0003266410  0.0002304590  0.0001912060  0.0002389390  0.0002035570  0.0001513200  0.0002923850  0.0001828690  0.0002111060  0.0003207600  0.0001752340  0.0001864080  0.0002241950  0.0002853550  0.0002343890  0.0002078280  0.0001187080  0.0001597640  0.0002254030  0.0001070390  0.0001998780  0.0001443130  0.0001336250  0.0002426990  0.0001729640  0.0002692690  0.0001991590  0.0000729570  0.0001508730  0.0002493300  0.0000984240  0.0002969290  0.0000826010  0.0002384800  0.0001550710  0.0002766520  0.0002102940  0.0002206900  0.0002568390  0.0001637170  0.0002076910  0.0002235940  
  0.0001857900  0.0001993700  0.0002819270  0.0001276680  0.0001175690  0.0001894450  0.0001231860  0.0001814520  0.0001614460  0.0002883170  0.0001809880  0.0002283310  0.0002051110  0.0003309620  0.0001646210  0.0001358130  0.0002832550  0.0001925990  0.0001253410  0.0001641900  0.0001655100  0.0002419740  0.0000678640  0.0001835670  0.0001732850  0.0002659960  0.0001516060  0.0001562070  0.0003052680  0.0001761590  0.0001648660  0.0003527830  0.0001095670  0.0002879090  0.0001453890  0.0000750840  0.0001884370  0.0002002050  0.0001664540  0.0002381370  0.0002385320  0.0001476070  0.0002431140  0.0002265470  0.0002851780  0.0001765480  0.0002260010  0.0001388640  0.0002981440  0.0001939700  0.0001009000  0.0001973280  0.0002532010  0.0001748800  0.0000930800  0.0001625560  0.0001770440  0.0001013110  0.0003201650  0.0002140370  0.0001736720  0.0002571800  0.0002286520  0.0001395530  0.0003241550  0.0001424550  0.0001850710  0.0002234160  0.0001654470  0.0002168010  0.0002390020  0.0002775320  0.0002552050  0.0001947420  0.0001031810  0.0001619740  0.0002466630  0.0001060430  0.0001879140  0.0001453330  0.0001191900  0.0002342660  0.0001421280  0.0001744300  0.0001843110  0.0000682310  0.0001475070  0.0002355840  0.0001027120  0.0001985980  0.0001024920  0.0001920940  0.0001506130  0.0001992540  0.0001834140  0.0002389640  0.0002545510  0.0001273630  0.0001873080  0.0001905110  
  0.0002378700  0.0002225200  0.0002845610  0.0001510910  0.0001632120  0.0002558820  0.0001303170  0.0001897330  0.0001965220  0.0001809880  0.0004809840  0.0002611440  0.0002200890  0.0003125910  0.0001761370  0.0001700150  0.0003005890  0.0002138600  0.0001438550  0.0002119610  0.0001959200  0.0002412620  0.0000676890  0.0002482930  0.0002305830  0.0002902020  0.0002599010  0.0001749670  0.0003278570  0.0001946630  0.0002134720  0.0003392250  0.0001066740  0.0002793180  0.0001622650  0.0000733850  0.0002406590  0.0002537810  0.0002021270  0.0003140240  0.0002490390  0.0001885520  0.0002556540  0.0002883610  0.0003386980  0.0002014680  0.0002754460  0.0001371230  0.0003083260  0.0002459530  0.0001165160  0.0003412420  0.0002871570  0.0002542480  0.0001002010  0.0001775980  0.0002178850  0.0001119200  0.0003462690  0.0002368170  0.0002159800  0.0002786800  0.0002443570  0.0001668870  0.0003475400  0.0001824670  0.0002145200  0.0003089420  0.0002009540  0.0002106490  0.0002596390  0.0003337460  0.0002739660  0.0002063120  0.0001150050  0.0001633000  0.0002672180  0.0001321770  0.0002276170  0.0001652320  0.0001448670  0.0002884390  0.0001867040  0.0002459630  0.0002069910  0.0000685550  0.0001606050  0.0002729810  0.0001013540  0.0002862000  0.0000850740  0.0002684370  0.0001637810  0.0002552010  0.0002306740  0.0002622730  0.0003013440  0.0001584360  0.0002249910  0.0002477110  
  0.0002681240  0.0002586100  0.0003767200  0.0001634450  0.0001669030  0.0002587100  0.0001457420  0.0002303270  0.0002228410  0.0002283310  0.0002611440  0.0004776440  0.0002792370  0.0003976000  0.0001979390  0.0001941920  0.0003578670  0.0002470150  0.0001689230  0.0002315810  0.0002234870  0.0003242110  0.0000709480  0.0002798580  0.0002496920  0.0003670950  0.0002112910  0.0001965970  0.0005056870  0.0002424610  0.0002290450  0.0005032790  0.0001244850  0.0003499580  0.0001877120  0.0000815730  0.0002772500  0.0002894950  0.0002222870  0.0003578300  0.0003247160  0.0002135520  0.0003063240  0.0003163190  0.0003983930  0.0002271580  0.0003263620  0.0001605940  0.0004218400  0.0002921730  0.0001236460  0.0003133460  0.0003450070  0.0002694810  0.0001092400  0.0002037600  0.0002455310  0.0001227320  0.0004511830  0.0002811390  0.0002285300  0.0003579730  0.0002883500  0.0001850260  0.0004404080  0.0002017950  0.0002604700  0.0003466790  0.0002088960  0.0002647190  0.0003494490  0.0004436430  0.0003605390  0.0002569840  0.0001282210  0.0002060460  0.0003399860  0.0001278050  0.0002564500  0.0001918440  0.0001679210  0.0003432840  0.0002004140  0.0002771010  0.0002589130  0.0000811260  0.0001757880  0.0003343440  0.0001197850  0.0003050880  0.0001044260  0.0002982270  0.0001927440  0.0002880680  0.0002512010  0.0003216260  0.0003565320  0.0001812540  0.0002526340  0.0002625590  
  0.0002375160  0.0002308290  0.0003082670  0.0001383070  0.0001357120  0.0002167510  0.0001425120  0.0002155520  0.0001884550  0.0002051110  0.0002200890  0.0002792370  0.0005449670  0.0003871780  0.0001899600  0.0001552160  0.0003003420  0.0002266480  0.0001308460  0.0002098290  0.0001777340  0.0002824910  0.0000770250  0.0002318500  0.0002260070  0.0004671720  0.0001779890  0.0001742580  0.0003938400  0.0001879240  0.0001931760  0.0003998720  0.0001128690  0.0002841790  0.0001548390  0.0000921700  0.0002202070  0.0002353540  0.0002104710  0.0003012060  0.0004203460  0.0001706400  0.0002620800  0.0002464740  0.0003572160  0.0001847110  0.0002823340  0.0001287480  0.0005115980  0.0002504390  0.0001088150  0.0002400170  0.0003174840  0.0002185020  0.0001157660  0.0001758420  0.0002044590  0.0001206180  0.0004235760  0.0002273840  0.0001991220  0.0003459750  0.0002470140  0.0001598590  0.0004147980  0.0001505620  0.0001781320  0.0002709970  0.0001947380  0.0002253240  0.0003541240  0.0003752790  0.0004558310  0.0001933170  0.0001282510  0.0001784950  0.0004426610  0.0001120860  0.0002133130  0.0001668500  0.0001398510  0.0002678500  0.0001641680  0.0002357740  0.0002424510  0.0000696660  0.0001747570  0.0003044120  0.0001021530  0.0002558770  0.0000938410  0.0002412220  0.0001889100  0.0002299960  0.0002160300  0.0002738670  0.0002775960  0.0001297230  0.0002159400  0.0002062590  
  0.0003147640  0.0003541130  0.0005016810  0.0001840650  0.0001834320  0.0003001960  0.0001933820  0.0002742710  0.0002659460  0.0003309620  0.0003125910  0.0003976000  0.0003871780  0.0010626980  0.0002454060  0.0002212450  0.0005541610  0.0002975270  0.0002192810  0.0002872370  0.0002583700  0.0004323400  0.0000816350  0.0003294620  0.0003023930  0.0004814070  0.0002377230  0.0002403450  0.0005314910  0.0002538800  0.0002503610  0.0006423730  0.0001490470  0.0004570980  0.0002319030  0.0000952720  0.0003210170  0.0003414760  0.0002803200  0.0004085690  0.0004291340  0.0002227870  0.0003686470  0.0003932610  0.0004747450  0.0002820190  0.0003775280  0.0001927420  0.0005332660  0.0003410110  0.0001477730  0.0003569950  0.0004438880  0.0003140820  0.0001262030  0.0002593460  0.0002875470  0.0001320400  0.0005922980  0.0003813430  0.0002776250  0.0004870070  0.0003554740  0.0002057520  0.0006361860  0.0002320130  0.0002806920  0.0003885100  0.0002859320  0.0003515010  0.0004601940  0.0005150490  0.0004623000  0.0002869960  0.0001328450  0.0002443720  0.0004476530  0.0001283160  0.0003118820  0.0002208740  0.0001835370  0.0003673550  0.0002262870  0.0002997830  0.0003130200  0.0000922580  0.0002214680  0.0004123420  0.0001521670  0.0003511180  0.0001381330  0.0003496010  0.0002479060  0.0003244240  0.0003230360  0.0004580420  0.0004134700  0.0001981520  0.0002999350  0.0002978750  
  0.0001856260  0.0001932830  0.0002334790  0.0001353590  0.0001284150  0.0001905480  0.0001363210  0.0001761220  0.0001563850  0.0001646210  0.0001761370  0.0001979390  0.0001899600  0.0002454060  0.0004106430  0.0001633550  0.0002130080  0.0001850940  0.0001333210  0.0001807490  0.0001587820  0.0002179260  0.0000691800  0.0002052950  0.0001855550  0.0002437260  0.0001638680  0.0001921540  0.0002558180  0.0001629880  0.0001710580  0.0003162300  0.0001095700  0.0002193640  0.0001319590  0.0000735670  0.0001886250  0.0001909390  0.0001895230  0.0002487510  0.0002172770  0.0001748950  0.0001970550  0.0002419610  0.0002860870  0.0001686140  0.0001929650  0.0001327380  0.0002716980  0.0002162130  0.0001067540  0.0002061320  0.0002490510  0.0001935570  0.0000994360  0.0001844070  0.0001742540  0.0001121350  0.0003318890  0.0002021350  0.0001704210  0.0002472220  0.0001946890  0.0001328490  0.0003130290  0.0001591530  0.0001733260  0.0002348000  0.0001558000  0.0001757670  0.0002166140  0.0002346910  0.0002435810  0.0001687620  0.0001119330  0.0001439860  0.0002218710  0.0001133910  0.0001696440  0.0001457640  0.0001364360  0.0002503320  0.0001509420  0.0002022820  0.0001704850  0.0000727110  0.0001468700  0.0002380690  0.0000887420  0.0002241150  0.0000858790  0.0002121420  0.0001380860  0.0002083860  0.0001785130  0.0001870980  0.0002330220  0.0001429440  0.0001847710  0.0002031020  
  0.0001651370  0.0001827330  0.0002033970  0.0001260170  0.0001217870  0.0001774480  0.0001016860  0.0001501210  0.0001526360  0.0001358130  0.0001700150  0.0001941920  0.0001552160  0.0002212450  0.0001633550  0.0003311740  0.0002250100  0.0001704480  0.0001233100  0.0001692520  0.0001438280  0.0001960060  0.0000543750  0.0002107310  0.0001792360  0.0002025800  0.0001466450  0.0001483660  0.0002384370  0.0001541050  0.0001527780  0.0002737970  0.0001005700  0.0002026620  0.0001269530  0.0000569150  0.0001784880  0.0001905390  0.0001647500  0.0002235490  0.0001758330  0.0001569330  0.0001909940  0.0002221540  0.0002580010  0.0001478160  0.0001978900  0.0001111300  0.0002143970  0.0002165710  0.0001039190  0.0002240210  0.0002186500  0.0001971870  0.0000798420  0.0001763190  0.0001650860  0.0000894020  0.0002714100  0.0001904670  0.0001622540  0.0002083850  0.0001818250  0.0001251460  0.0002639980  0.0001538560  0.0001565210  0.0002302590  0.0001594400  0.0001628510  0.0001920840  0.0002377590  0.0001990070  0.0001649370  0.0000904530  0.0001245780  0.0001888950  0.0001226020  0.0001540300  0.0001291850  0.0001235210  0.0002131910  0.0001515930  0.0001762280  0.0001586730  0.0000670150  0.0001511760  0.0002158530  0.0000905270  0.0002102350  0.0000796360  0.0001993600  0.0001357350  0.0002053090  0.0001693660  0.0001836690  0.0002098150  0.0001381780  0.0001623500  0.0001986880  
  0.0003021190  0.0003227210  0.0004295350  0.0001875920  0.0001881290  0.0003003450  0.0001834100  0.0002537260  0.0002502130  0.0002832550  0.0003005890  0.0003578670  0.0003003420  0.0005541610  0.0002130080  0.0002250100  0.0007492520  0.0002962740  0.0002020460  0.0002627500  0.0002534660  0.0003695930  0.0000800480  0.0003020760  0.0002910460  0.0004068570  0.0002409400  0.0002240840  0.0004655560  0.0002627000  0.0002471010  0.0005467410  0.0001393270  0.0004023390  0.0002233180  0.0000971910  0.0003147780  0.0003503400  0.0002495300  0.0004034390  0.0003530990  0.0002241890  0.0003401120  0.0003482640  0.0004630370  0.0002694000  0.0003890320  0.0001878080  0.0004424280  0.0003045570  0.0001437510  0.0003189240  0.0003949470  0.0002967120  0.0001267810  0.0002398800  0.0002978600  0.0001431720  0.0005358630  0.0003259040  0.0002613630  0.0004297790  0.0003264980  0.0002146370  0.0005196110  0.0002482630  0.0002812410  0.0003925660  0.0002317760  0.0003058860  0.0004069310  0.0004589000  0.0003896220  0.0002820450  0.0001399330  0.0002283270  0.0003738450  0.0001340260  0.0002878560  0.0002054670  0.0001890130  0.0003406510  0.0002429960  0.0002929160  0.0003056930  0.0000871380  0.0002142960  0.0003740780  0.0001326000  0.0003544860  0.0001063860  0.0003005660  0.0002358070  0.0003131460  0.0003088160  0.0004478070  0.0004181190  0.0001959940  0.0002932520  0.0003091340  
  0.0002127370  0.0002265750  0.0002963850  0.0001480730  0.0001343900  0.0002267150  0.0001461580  0.0001914960  0.0001976450  0.0001925990  0.0002138600  0.0002470150  0.0002266480  0.0002975270  0.0001850940  0.0001704480  0.0002962740  0.0004336450  0.0001374410  0.0001844230  0.0001727660  0.0002674260  0.0000735820  0.0002351970  0.0002200090  0.0003107060  0.0001892420  0.0001807740  0.0003254810  0.0001923820  0.0001951610  0.0003888200  0.0001190870  0.0002574070  0.0001512190  0.0000816110  0.0002346110  0.0002588440  0.0001947550  0.0002886560  0.0002698330  0.0001751390  0.0002456780  0.0002490200  0.0003415250  0.0001959220  0.0002924450  0.0001504170  0.0003398140  0.0002281620  0.0001104310  0.0002407800  0.0002884130  0.0002288660  0.0001086160  0.0001841280  0.0002326690  0.0001167990  0.0003894770  0.0002494360  0.0001853730  0.0002997610  0.0002334950  0.0001653690  0.0003663380  0.0001810320  0.0002018870  0.0002907080  0.0001676190  0.0002201680  0.0002971670  0.0002867380  0.0002875470  0.0002202100  0.0001170390  0.0001751110  0.0002723830  0.0001136470  0.0002051140  0.0001612010  0.0001303700  0.0002744530  0.0001779340  0.0002277760  0.0002137050  0.0000766460  0.0001694430  0.0002769590  0.0001132940  0.0002421670  0.0000923520  0.0002351310  0.0001734340  0.0002448110  0.0002177160  0.0002669500  0.0002750980  0.0001520010  0.0001994650  0.0002328220  
  0.0001550740  0.0001512110  0.0001844100  0.0001215510  0.0001056600  0.0001596520  0.0001090000  0.0001416830  0.0001422100  0.0001253410  0.0001438550  0.0001689230  0.0001308460  0.0002192810  0.0001333210  0.0001233100  0.0002020460  0.0001374410  0.0002851360  0.0001350340  0.0001228540  0.0001491180  0.0000535300  0.0001899810  0.0001631870  0.0001796070  0.0001183340  0.0001276570  0.0002211620  0.0001433750  0.0001359780  0.0002336260  0.0000946650  0.0001635480  0.0001131820  0.0000608960  0.0001643410  0.0001763760  0.0001459380  0.0002085940  0.0001548370  0.0001475250  0.0001704150  0.0001841400  0.0002351560  0.0001471000  0.0001765870  0.0001049160  0.0001899650  0.0001754680  0.0001149020  0.0001691440  0.0002089000  0.0001844890  0.0000797330  0.0001348620  0.0001540280  0.0000885030  0.0002602960  0.0001791330  0.0001563790  0.0001924530  0.0001550830  0.0001110520  0.0002275330  0.0001581250  0.0001628800  0.0002171970  0.0001577180  0.0001387960  0.0001804110  0.0002197380  0.0001781650  0.0001599850  0.0000898390  0.0001119880  0.0001710800  0.0001255380  0.0001418320  0.0001092930  0.0001289640  0.0001829650  0.0001340630  0.0001683950  0.0001482660  0.0000612810  0.0001430810  0.0001853490  0.0000774590  0.0002127060  0.0000681800  0.0001565950  0.0001243930  0.0001888000  0.0001510880  0.0001848550  0.0001997680  0.0001494980  0.0001430870  0.0001786980  
  0.0002138160  0.0002156240  0.0002614510  0.0001405490  0.0001590490  0.0002243850  0.0001254330  0.0001707180  0.0001831210  0.0001641900  0.0002119610  0.0002315810  0.0002098290  0.0002872370  0.0001807490  0.0001692520  0.0002627500  0.0001844230  0.0001350340  0.0003832730  0.0001751570  0.0002337600  0.0000639500  0.0002341480  0.0002173450  0.0002667790  0.0001816550  0.0001703430  0.0003041170  0.0001817970  0.0001944880  0.0003374030  0.0001057300  0.0002548440  0.0001494490  0.0000688500  0.0002213870  0.0002175020  0.0002016480  0.0002827660  0.0002295130  0.0001781560  0.0002316090  0.0002650800  0.0003199920  0.0001763750  0.0002370960  0.0001265810  0.0002868250  0.0002423490  0.0001157290  0.0002578700  0.0002758610  0.0002308660  0.0000941490  0.0001805220  0.0001934410  0.0001021170  0.0003564450  0.0002221000  0.0001930820  0.0002406640  0.0002151780  0.0001471870  0.0002923950  0.0001788930  0.0001909640  0.0002738550  0.0001651100  0.0001915610  0.0002344910  0.0003007760  0.0002494950  0.0001898300  0.0001077570  0.0001633490  0.0002406100  0.0001178790  0.0001954780  0.0001514670  0.0001368550  0.0002373850  0.0001788270  0.0002306640  0.0001937370  0.0000670600  0.0001573010  0.0002552330  0.0000982040  0.0002634540  0.0000827760  0.0002610310  0.0001590980  0.0002295590  0.0002111030  0.0002367720  0.0002513480  0.0001648080  0.0002111840  0.0002214660  
  0.0002192150  0.0001798890  0.0002591920  0.0001489740  0.0001399860  0.0002114000  0.0001354230  0.0001675750  0.0001977280  0.0001655100  0.0001959200  0.0002234870  0.0001777340  0.0002583700  0.0001587820  0.0001438280  0.0002534660  0.0001727660  0.0001228540  0.0001751570  0.0004978440  0.0001967050  0.0000602800  0.0002703970  0.0002358840  0.0002421600  0.0001639960  0.0001584160  0.0003071650  0.0002114230  0.0001821720  0.0003130090  0.0001034770  0.0002589470  0.0001512370  0.0000633730  0.0002111480  0.0002256900  0.0002008700  0.0002965220  0.0002125700  0.0002233400  0.0002243720  0.0002670820  0.0002625240  0.0002378420  0.0002539600  0.0001197180  0.0002495150  0.0002548880  0.0001074200  0.0002422490  0.0002782250  0.0002441390  0.0000923720  0.0001707060  0.0001834310  0.0001067080  0.0003289310  0.0002504150  0.0002006130  0.0002545560  0.0002148640  0.0001467610  0.0003125870  0.0001741420  0.0002654100  0.0002910640  0.0002056940  0.0001814250  0.0002162060  0.0002779230  0.0002303020  0.0002114820  0.0001221280  0.0001487240  0.0002190620  0.0001131900  0.0001799800  0.0001428120  0.0001517420  0.0002592480  0.0001681410  0.0002657780  0.0001829680  0.0000809330  0.0001627100  0.0002374560  0.0000963320  0.0002792000  0.0000749080  0.0002392760  0.0001554640  0.0002776400  0.0002062200  0.0002269240  0.0003089690  0.0001605100  0.0002150590  0.0002168110  
  0.0002198170  0.0002907890  0.0007283340  0.0001209370  0.0001557170  0.0002470480  0.0001501470  0.0002299130  0.0002038460  0.0002419740  0.0002412620  0.0003242110  0.0002824910  0.0004323400  0.0002179260  0.0001960060  0.0003695930  0.0002674260  0.0001491180  0.0002337600  0.0001967050  0.0008581840  0.0000823620  0.0001528640  0.0001609540  0.0003620900  0.0002135260  0.0002071140  0.0004093240  0.0002084920  0.0002075050  0.0009156590  0.0001315560  0.0003526420  0.0001997050  0.0000853470  0.0002561740  0.0002632970  0.0002121810  0.0003028580  0.0003208830  0.0001652580  0.0003182630  0.0002895180  0.0004036430  0.0001998120  0.0002870070  0.0001844500  0.0004103600  0.0002467040  0.0001291860  0.0002796310  0.0003417630  0.0001581200  0.0001176660  0.0001892170  0.0002264250  0.0001175630  0.0004615640  0.0003113470  0.0002251220  0.0003827000  0.0002750790  0.0001798570  0.0004537080  0.0002045800  0.0002130630  0.0002553980  0.0002559660  0.0002770030  0.0003443140  0.0003730380  0.0003460000  0.0002047860  0.0001237740  0.0002032660  0.0003371770  0.0001378520  0.0002748130  0.0001944460  0.0001361730  0.0003076470  0.0002031800  0.0001623210  0.0002462160  0.0000886140  0.0002031490  0.0003274390  0.0001351860  0.0001720650  0.0001212730  0.0002716120  0.0001683220  0.0001949020  0.0002369470  0.0003204640  0.0002966800  0.0001876450  0.0002331280  0.0002548850  
  0.0000676990  0.0000752180  0.0000701330  0.0000871270  0.0000422970  0.0000801730  0.0000689430  0.0000785120  0.0000718230  0.0000678640  0.0000676890  0.0000709480  0.0000770250  0.0000816350  0.0000691800  0.0000543750  0.0000800480  0.0000735820  0.0000535300  0.0000639500  0.0000602800  0.0000823620  0.0001158470  0.0000897130  0.0000867940  0.0001048440  0.0000597840  0.0000663410  0.0000794460  0.0000740950  0.0000695690  0.0000987830  0.0000560770  0.0000877950  0.0000584960  0.0000934790  0.0000771810  0.0000820620  0.0000654450  0.0000907620  0.0001039490  0.0000931780  0.0000753650  0.0001004220  0.0001049730  0.0000820170  0.0000834530  0.0000638590  0.0001094730  0.0000843390  0.0000487610  0.0000519510  0.0000857410  0.0000809630  0.0001029800  0.0000670630  0.0000805460  0.0001059530  0.0000963840  0.0000622060  0.0000696840  0.0000649160  0.0000733850  0.0000653230  0.0000711320  0.0000610760  0.0000761270  0.0001062380  0.0000553690  0.0000635640  0.0000706620  0.0000707680  0.0001049900  0.0000668020  0.0001037810  0.0000703590  0.0001032850  0.0000509620  0.0000766450  0.0000642970  0.0000541040  0.0000925240  0.0000512110  0.0000866560  0.0000686640  0.0000555070  0.0000520280  0.0000918390  0.0000526760  0.0000825720  0.0000557220  0.0000630180  0.0000777210  0.0000912940  0.0000720320  0.0000674020  0.0000907970  0.0000627500  0.0000771610  0.0000754050  
  0.0003357980  0.0002496960  0.0001763310  0.0003096270  0.0001627930  0.0002873650  0.0001882620  0.0002311560  0.0002856160  0.0001835670  0.0002482930  0.0002798580  0.0002318500  0.0003294620  0.0002052950  0.0002107310  0.0003020760  0.0002351970  0.0001899810  0.0002341480  0.0002703970  0.0001528640  0.0000897130  0.0007835620  0.0004832590  0.0003239990  0.0002251200  0.0001947930  0.0003738860  0.0002467120  0.0002495970  0.0002179470  0.0001266610  0.0002875600  0.0001797190  0.0000866740  0.0003212600  0.0003399000  0.0002756170  0.0004192120  0.0002745710  0.0003680180  0.0002805420  0.0004562900  0.0004123740  0.0002498580  0.0003513410  0.0001565530  0.0003332830  0.0004040210  0.0001437920  0.0003145060  0.0003512550  0.0005434020  0.0001339870  0.0002088610  0.0002629860  0.0001462720  0.0004348750  0.0002484950  0.0002329730  0.0003155360  0.0002518040  0.0002000760  0.0004021290  0.0002270960  0.0002945310  0.0004950770  0.0002112530  0.0002206690  0.0002911850  0.0003832000  0.0002996900  0.0002881930  0.0001570420  0.0001871350  0.0002913550  0.0001354700  0.0002370560  0.0001715240  0.0001848970  0.0003332620  0.0002230190  0.0005303420  0.0002747850  0.0000887570  0.0001745440  0.0002997030  0.0001228860  0.0006002480  0.0000981040  0.0003350760  0.0002008320  0.0005974270  0.0003061210  0.0002556940  0.0003529010  0.0002048260  0.0002782960  0.0002994930  
  0.0003050250  0.0002337100  0.0001924620  0.0002532760  0.0001516010  0.0002602040  0.0001555250  0.0002193510  0.0002574150  0.0001732850  0.0002305830  0.0002496920  0.0002260070  0.0003023930  0.0001855550  0.0001792360  0.0002910460  0.0002200090  0.0001631870  0.0002173450  0.0002358840  0.0001609540  0.0000867940  0.0004832590  0.0005210080  0.0002993980  0.0002010600  0.0001797810  0.0003546800  0.0002241900  0.0002212800  0.0002498120  0.0001157070  0.0002542780  0.0001612230  0.0000907410  0.0002817600  0.0003103700  0.0002329330  0.0003909090  0.0002603140  0.0002903810  0.0002494470  0.0003749910  0.0003709570  0.0002327300  0.0003301690  0.0001426070  0.0003091420  0.0003370400  0.0001283870  0.0002786440  0.0003187500  0.0004321720  0.0001273190  0.0001973460  0.0002437450  0.0001434210  0.0004084090  0.0002548320  0.0002077210  0.0002988990  0.0002244060  0.0001909990  0.0003892510  0.0002131340  0.0002518530  0.0004211440  0.0001752990  0.0001986660  0.0002834600  0.0003386440  0.0002825550  0.0002691570  0.0001510280  0.0001732060  0.0002722560  0.0001199240  0.0002270290  0.0001605620  0.0001651820  0.0002984460  0.0002120100  0.0004294980  0.0002464910  0.0000820010  0.0001615670  0.0002884010  0.0001122600  0.0004868230  0.0000867310  0.0002876760  0.0001854740  0.0004460100  0.0002727350  0.0002539590  0.0003235370  0.0001911600  0.0002538650  0.0002698300  
  0.0003125550  0.0003017990  0.0004187520  0.0002045680  0.0001727940  0.0002868330  0.0001887000  0.0002946530  0.0002496070  0.0002659960  0.0002902020  0.0003670950  0.0004671720  0.0004814070  0.0002437260  0.0002025800  0.0004068570  0.0003107060  0.0001796070  0.0002667790  0.0002421600  0.0003620900  0.0001048440  0.0003239990  0.0002993980  0.0006744550  0.0002300530  0.0002281620  0.0005073010  0.0002735160  0.0002646260  0.0005545690  0.0001555770  0.0003995440  0.0002103140  0.0001213230  0.0003049550  0.0003470460  0.0002751940  0.0003991060  0.0005453950  0.0002375260  0.0003603730  0.0003491080  0.0004962950  0.0002746250  0.0003955080  0.0001854070  0.0006870890  0.0003228880  0.0001471050  0.0002944060  0.0004279150  0.0003071410  0.0001482240  0.0002308850  0.0002842970  0.0001617510  0.0005844100  0.0002902590  0.0002735260  0.0004782050  0.0003272160  0.0002127610  0.0005994850  0.0002162250  0.0002579430  0.0003824850  0.0002350080  0.0002954970  0.0004973920  0.0004811810  0.0005889700  0.0002785840  0.0001604960  0.0002412670  0.0005691500  0.0001351470  0.0002905340  0.0002238670  0.0001797190  0.0003784370  0.0002079980  0.0003236210  0.0003394810  0.0000975490  0.0002155890  0.0004032410  0.0001494870  0.0003576650  0.0001272320  0.0003153280  0.0002356160  0.0003287960  0.0002848500  0.0003710100  0.0004197330  0.0001806900  0.0002868940  0.0002814720  
  0.0001895990  0.0001922120  0.0002225990  0.0001347840  0.0001400020  0.0002224640  0.0001137310  0.0001519200  0.0001659800  0.0001516060  0.0002599010  0.0002112910  0.0001779890  0.0002377230  0.0001638680  0.0001466450  0.0002409400  0.0001892420  0.0001183340  0.0001816550  0.0001639960  0.0002135260  0.0000597840  0.0002251200  0.0002010600  0.0002300530  0.0003552860  0.0001608700  0.0002425110  0.0001660200  0.0002030990  0.0002843180  0.0000937250  0.0002279840  0.0001362250  0.0000626270  0.0001998450  0.0002029850  0.0001891340  0.0002677530  0.0002039160  0.0001697770  0.0002097990  0.0002327150  0.0002766830  0.0001687210  0.0002208350  0.0001225580  0.0002432550  0.0002199350  0.0001012770  0.0003038760  0.0002480650  0.0002209950  0.0000884890  0.0001525180  0.0001763790  0.0000931390  0.0002929510  0.0001981970  0.0001778600  0.0002309990  0.0001959490  0.0001406210  0.0002691190  0.0001648280  0.0001892910  0.0002647320  0.0001751640  0.0001774250  0.0002052330  0.0002601040  0.0002198080  0.0001659850  0.0001028040  0.0001465090  0.0002187630  0.0001132700  0.0001905030  0.0001452070  0.0001182110  0.0002410720  0.0001595090  0.0002276280  0.0001721910  0.0000608750  0.0001417200  0.0002353640  0.0000880820  0.0002399160  0.0000744240  0.0002331150  0.0001317230  0.0002188380  0.0001871970  0.0002048500  0.0002377040  0.0001481000  0.0001890710  0.0002121300  
  0.0001795300  0.0001768980  0.0002229750  0.0001330140  0.0001230410  0.0001877040  0.0001227900  0.0001631470  0.0001572840  0.0001562070  0.0001749670  0.0001965970  0.0001742580  0.0002403450  0.0001921540  0.0001483660  0.0002240840  0.0001807740  0.0001276570  0.0001703430  0.0001584160  0.0002071140  0.0000663410  0.0001947930  0.0001797810  0.0002281620  0.0001608700  0.0002354790  0.0002513830  0.0001626540  0.0001687840  0.0002738030  0.0001080910  0.0002158100  0.0001315140  0.0000722510  0.0001842450  0.0001883720  0.0001701000  0.0002332150  0.0002012390  0.0001552320  0.0001952410  0.0002266950  0.0002685980  0.0001704020  0.0002060010  0.0001229180  0.0002538200  0.0001868850  0.0001054090  0.0002022550  0.0002401580  0.0001835210  0.0000923910  0.0001721190  0.0001735660  0.0001052260  0.0003116990  0.0001997400  0.0001664900  0.0002361140  0.0001823850  0.0001342720  0.0002851450  0.0001616630  0.0001750940  0.0002326190  0.0001524130  0.0001727410  0.0002088550  0.0002255270  0.0002227550  0.0001679760  0.0001058060  0.0001442430  0.0002113830  0.0001077050  0.0001689850  0.0001432310  0.0001179280  0.0002375350  0.0001507840  0.0001908220  0.0001643490  0.0000690530  0.0001394250  0.0002285290  0.0000907640  0.0002148350  0.0000821120  0.0002134380  0.0001434650  0.0001948350  0.0001703980  0.0002006510  0.0002321710  0.0001449950  0.0001701460  0.0001887110  
