 100   300   0.05  15  0.000200000 
 0.0015183500  0.0004417030  0.0003116990  0.0001535450  0.0004235760  0.0003303930  0.0003678120  0.0003503150  0.0002096490  0.0002570870  0.0001430970  0.0003289310  0.0001273830  0.0009504140  0.0002440520  0.0003111450  0.0005210380  0.0004146050  0.0003382590  0.0004161090  0.0004521890  0.0003470020  0.0005074250  0.0008851310  0.0001332990  0.0004863550  0.0004479390  0.0007479970  0.0003203470  0.0005414280  0.0003414450  0.0003700810  0.0002894210  0.0003398910  0.0003992710  0.0003236560  0.0003927530  0.0006194540  0.0003811820  0.0002515660  0.0000963840  0.0005358630  0.0002710660  0.0002300060  0.0008053270  0.0003404450  0.0002362670  0.0007204200  0.0006222150  0.0003213900  0.0001241070  0.0005679440  0.0002800990  0.0001762240  0.0001988380  0.0004137210  0.0003077680  0.0003894770  0.0001724930  0.0004511830  0.0002997240  0.0004429000  0.0002504720  0.0002761760  0.0005490100  0.0003318890  0.0005511190  0.0006534820  0.0003579170  0.0003201650  0.0002913820  0.0003463530  0.0005032810  0.0004111750  0.0002291750  0.0007229680  0.0004401860  0.0008946950  0.0002182570  0.0003218500  0.0007708250  0.0003509350  0.0007871420  0.0002611850  0.0002433160  0.0003564070  0.0006903780  0.0003288700  0.0003628120  0.0003823080  0.0004348750  0.0008884160  0.0004047640  0.0003436220  0.0007359060  0.0005967700  0.0001309100  0.0002783490  0.0004160150  0.0001285500  
  0.0004417030  0.0012723230  0.0002315000  0.0001180010  0.0002929420  0.0004303020  0.0002734210  0.0002204720  0.0001820620  0.0001881300  0.0001165200  0.0002641260  0.0001118730  0.0004977020  0.0002059100  0.0002472400  0.0003457680  0.0003179030  0.0002655620  0.0002734680  0.0003042800  0.0002891350  0.0003601180  0.0004676090  0.0001191920  0.0003381990  0.0003332960  0.0005501640  0.0002958120  0.0003475920  0.0002253200  0.0003048050  0.0002288980  0.0002563470  0.0003594720  0.0002634650  0.0002809480  0.0004163140  0.0002825190  0.0002226920  0.0000916010  0.0003786050  0.0002074120  0.0001872930  0.0003818550  0.0002449500  0.0001521070  0.0004063170  0.0004524140  0.0002511490  0.0001177380  0.0003603740  0.0002173170  0.0001622900  0.0001555290  0.0003290690  0.0002364740  0.0002854720  0.0002136630  0.0003174570  0.0002056350  0.0003278890  0.0001992620  0.0002260650  0.0003460480  0.0002467080  0.0003683250  0.0003860800  0.0002404710  0.0002286310  0.0002396460  0.0002482330  0.0002839210  0.0002869220  0.0001949510  0.0004263740  0.0003038420  0.0004649180  0.0002147890  0.0002686630  0.0004857360  0.0002816420  0.0003984330  0.0001945880  0.0002280920  0.0002698360  0.0004546620  0.0002506430  0.0002786130  0.0003000150  0.0003150210  0.0003928590  0.0003462330  0.0002587070  0.0004917930  0.0003399930  0.0001328840  0.0001933220  0.0003250260  0.0001143220  
  0.0003116990  0.0002315000  0.0002354790  0.0000899100  0.0001742580  0.0001524130  0.0001785640  0.0001431230  0.0001054090  0.0001330140  0.0000882250  0.0001584160  0.0000786370  0.0003291870  0.0001318820  0.0001559850  0.0002060830  0.0001882010  0.0001689850  0.0001770240  0.0001858610  0.0001731860  0.0002279160  0.0003020250  0.0000847740  0.0002267560  0.0001922880  0.0002738030  0.0001565900  0.0002227550  0.0001687840  0.0001768980  0.0001407960  0.0001700570  0.0002022550  0.0001567940  0.0001795300  0.0002603070  0.0001679760  0.0001391950  0.0000663410  0.0002240840  0.0001447060  0.0001230410  0.0002415080  0.0001534100  0.0001169650  0.0002943630  0.0002626880  0.0001652600  0.0000880770  0.0002401580  0.0001556680  0.0001058060  0.0001039220  0.0001946760  0.0001595760  0.0001807740  0.0001077050  0.0001965970  0.0001530340  0.0002026420  0.0001361010  0.0001442430  0.0002265590  0.0001921540  0.0002321710  0.0002538200  0.0001794590  0.0001562070  0.0001373990  0.0001782180  0.0001968590  0.0001951390  0.0001293570  0.0002653090  0.0001844480  0.0002741980  0.0001157820  0.0001572040  0.0002713250  0.0001767200  0.0002667490  0.0001319300  0.0001318410  0.0001701460  0.0002729230  0.0001633210  0.0001877040  0.0001743060  0.0001947930  0.0002577980  0.0001908220  0.0001737660  0.0002808110  0.0002154500  0.0000824980  0.0001261340  0.0002155210  0.0000790500  
  0.0001535450  0.0001180010  0.0000899100  0.0001242650  0.0001003740  0.0000822380  0.0000918400  0.0000837740  0.0000683550  0.0001004920  0.0000828040  0.0000892550  0.0000713160  0.0001804810  0.0000762080  0.0000947150  0.0001277510  0.0001163050  0.0000999490  0.0001146660  0.0001154610  0.0000995700  0.0001257410  0.0001753750  0.0000738600  0.0001229580  0.0000994820  0.0001558770  0.0000950510  0.0001331210  0.0000979730  0.0000976520  0.0000857240  0.0001069220  0.0000901370  0.0000961300  0.0000949520  0.0001445490  0.0000958670  0.0000895770  0.0000621300  0.0001194850  0.0000755550  0.0000636370  0.0001336260  0.0001050240  0.0000847160  0.0001605780  0.0001302490  0.0000964170  0.0000695390  0.0001355130  0.0000915510  0.0000815300  0.0000624560  0.0001154910  0.0000848060  0.0001002450  0.0000681470  0.0001037010  0.0000864420  0.0001229800  0.0000827620  0.0000902380  0.0001212030  0.0000888510  0.0001412460  0.0001465120  0.0001090020  0.0000907380  0.0000875190  0.0000979190  0.0001077880  0.0001228100  0.0000806770  0.0001350430  0.0001045470  0.0001340180  0.0000764830  0.0000863480  0.0001352780  0.0000888810  0.0001510940  0.0000852620  0.0000691280  0.0000982860  0.0001398010  0.0000972780  0.0001043980  0.0001141080  0.0001203310  0.0001321430  0.0001071380  0.0000977200  0.0001597020  0.0001279770  0.0000619700  0.0000773770  0.0001032390  0.0000710640  
  0.0004235760  0.0002929420  0.0001742580  0.0001003740  0.0005449670  0.0001947380  0.0002227470  0.0001818610  0.0001088150  0.0001383070  0.0000987500  0.0001777340  0.0000902240  0.0003574130  0.0001736880  0.0001649810  0.0004767160  0.0002221480  0.0002133130  0.0002162680  0.0002394810  0.0002202100  0.0003011050  0.0004016970  0.0000941220  0.0002721570  0.0002592240  0.0003998720  0.0001969220  0.0004558310  0.0001931760  0.0002308290  0.0001733340  0.0002007740  0.0002400170  0.0001881210  0.0002375160  0.0005083610  0.0001933170  0.0001471860  0.0000770250  0.0003003420  0.0001413380  0.0001357120  0.0003902450  0.0001765410  0.0001314160  0.0003864550  0.0003125370  0.0001854340  0.0001109680  0.0003174840  0.0001620760  0.0001282510  0.0001388090  0.0002235780  0.0001785740  0.0002266480  0.0001120860  0.0002792370  0.0001587490  0.0002254800  0.0001335070  0.0001784950  0.0002936410  0.0001899600  0.0002775960  0.0005115980  0.0001951670  0.0002051110  0.0001440690  0.0001997560  0.0002868780  0.0002276160  0.0001700300  0.0003976960  0.0001978850  0.0003865070  0.0001049310  0.0002006350  0.0004505530  0.0002124920  0.0004018140  0.0001546740  0.0001514390  0.0002159400  0.0003364030  0.0001765510  0.0002167510  0.0002020970  0.0002318500  0.0003843930  0.0002357740  0.0001893270  0.0005845230  0.0003148500  0.0000854240  0.0001524820  0.0002660420  0.0000990680  
  0.0003303930  0.0004303020  0.0001524130  0.0000822380  0.0001947380  0.0011399970  0.0001947440  0.0001455180  0.0001261260  0.0001328580  0.0000977360  0.0002056940  0.0000816170  0.0003403720  0.0001372360  0.0001548340  0.0002100010  0.0002065300  0.0001773740  0.0001884690  0.0001868750  0.0001925540  0.0002349570  0.0003055010  0.0000848080  0.0002150120  0.0002367620  0.0003302300  0.0001975810  0.0002255230  0.0001539760  0.0001971140  0.0001591980  0.0001782850  0.0002559300  0.0001557850  0.0001686050  0.0002565870  0.0001797870  0.0001458520  0.0000553690  0.0002317760  0.0001378730  0.0001418490  0.0002541450  0.0001701790  0.0001185000  0.0003016380  0.0003357800  0.0001661620  0.0000811580  0.0002522230  0.0001554840  0.0000990360  0.0001128010  0.0001977650  0.0001834790  0.0001676190  0.0001676350  0.0002088960  0.0001243650  0.0002236210  0.0001352250  0.0001456330  0.0002411560  0.0001558000  0.0002441490  0.0002488410  0.0001858160  0.0001654470  0.0001615040  0.0001549790  0.0001883270  0.0001981440  0.0001360430  0.0002920380  0.0002104800  0.0003279510  0.0001408230  0.0001919060  0.0003436990  0.0001904550  0.0002662720  0.0001245660  0.0001618780  0.0001948690  0.0002925350  0.0001893450  0.0001915330  0.0002003350  0.0002112530  0.0002536400  0.0002216130  0.0001733960  0.0003022540  0.0002321100  0.0000902100  0.0001366590  0.0002409100  0.0000896650  
  0.0003678120  0.0002734210  0.0001785640  0.0000918400  0.0002227470  0.0001947440  0.0004613030  0.0001842340  0.0001097320  0.0001522890  0.0000901120  0.0002009700  0.0000849840  0.0004243080  0.0001521770  0.0001807520  0.0002699280  0.0002361530  0.0002073540  0.0002070280  0.0002219450  0.0002053780  0.0002908140  0.0003843130  0.0000887920  0.0002645200  0.0002471220  0.0003217920  0.0001968930  0.0002748080  0.0001916400  0.0002111370  0.0001824000  0.0002130520  0.0002330230  0.0001876030  0.0002311090  0.0003132080  0.0002162430  0.0001557150  0.0000594300  0.0002568380  0.0001636280  0.0001405320  0.0003110690  0.0002047670  0.0001291150  0.0003693780  0.0003161960  0.0001889790  0.0000912080  0.0002950440  0.0001739620  0.0001081070  0.0001179320  0.0002490940  0.0001874050  0.0001979980  0.0001234390  0.0002440560  0.0001725410  0.0002577320  0.0001476060  0.0001657550  0.0002919770  0.0001889450  0.0002808510  0.0003044270  0.0001894650  0.0001814200  0.0001506270  0.0001991830  0.0002611290  0.0002243240  0.0001573660  0.0003514530  0.0002064290  0.0004033960  0.0001301500  0.0001835290  0.0003547360  0.0001892320  0.0003522180  0.0001537730  0.0001576540  0.0002131690  0.0003323470  0.0001758530  0.0002141160  0.0002247410  0.0002542950  0.0003223930  0.0002506980  0.0001975680  0.0003400150  0.0003055460  0.0000968470  0.0001636140  0.0002693530  0.0000886340  
  0.0003503150  0.0002204720  0.0001431230  0.0000837740  0.0001818610  0.0001455180  0.0001842340  0.0002994960  0.0000993960  0.0001419010  0.0000813890  0.0001485460  0.0000725000  0.0003737910  0.0001265710  0.0001466370  0.0002440880  0.0001842220  0.0001683570  0.0001589940  0.0002055760  0.0001614320  0.0002399840  0.0003252970  0.0000770650  0.0002152480  0.0001879050  0.0002985740  0.0001570350  0.0002366700  0.0001636410  0.0001783310  0.0001528340  0.0001716250  0.0001637280  0.0001460280  0.0001708120  0.0002722810  0.0001622610  0.0001224150  0.0000643480  0.0002171340  0.0001249370  0.0001048200  0.0003064940  0.0001698500  0.0001159900  0.0003015240  0.0002486180  0.0001588000  0.0000791660  0.0002602190  0.0001391350  0.0000982340  0.0000992560  0.0001918370  0.0001459850  0.0001721890  0.0000961970  0.0001913910  0.0001429700  0.0002056300  0.0001215240  0.0001363300  0.0002780110  0.0001585350  0.0002098360  0.0002658300  0.0001699170  0.0001540580  0.0001341920  0.0001689000  0.0002259030  0.0001797140  0.0001220370  0.0002837650  0.0001683730  0.0003487820  0.0001066510  0.0001566090  0.0002976630  0.0001667630  0.0003246510  0.0001309790  0.0001065290  0.0001704760  0.0002654510  0.0001712550  0.0001617990  0.0001835120  0.0002057790  0.0003333070  0.0001829950  0.0001557290  0.0002847950  0.0002536180  0.0000812530  0.0001595910  0.0001961840  0.0000690270  
  0.0002096490  0.0001820620  0.0001054090  0.0000683550  0.0001088150  0.0001261260  0.0001097320  0.0000993960  0.0002152750  0.0000994320  0.0000640050  0.0001074200  0.0000652570  0.0002283280  0.0000948880  0.0001043930  0.0001379670  0.0001378650  0.0001064330  0.0001238090  0.0001258930  0.0001126580  0.0001462800  0.0002057500  0.0000618150  0.0001510450  0.0001355790  0.0001841070  0.0001247620  0.0001421700  0.0001077570  0.0001276120  0.0000979990  0.0001133020  0.0001281440  0.0001080410  0.0001105050  0.0001572130  0.0001075700  0.0000995870  0.0000487610  0.0001437510  0.0000951140  0.0000809010  0.0001515400  0.0001169620  0.0000778840  0.0001893950  0.0001828900  0.0001086770  0.0000654780  0.0001522810  0.0000962440  0.0000747500  0.0000766550  0.0001487990  0.0001040300  0.0001104310  0.0000970900  0.0001236460  0.0001045440  0.0001466950  0.0000931290  0.0000985360  0.0001382710  0.0001067540  0.0001603410  0.0001528170  0.0001172340  0.0001009000  0.0001207850  0.0001140170  0.0001181360  0.0001317670  0.0000919770  0.0001760890  0.0001517240  0.0001774770  0.0001076360  0.0001139980  0.0001719270  0.0001091540  0.0001647900  0.0000904980  0.0001021090  0.0001169070  0.0001761030  0.0001095550  0.0001237280  0.0001317760  0.0001437920  0.0001526360  0.0001286630  0.0001103020  0.0001890880  0.0001436770  0.0000646950  0.0000916310  0.0001406190  0.0000567620  
  0.0002570870  0.0001881300  0.0001330140  0.0001004920  0.0001383070  0.0001328580  0.0001522890  0.0001419010  0.0000994320  0.0002441030  0.0000892800  0.0001489740  0.0000836090  0.0003227160  0.0001131000  0.0001603720  0.0001848790  0.0002738850  0.0001554150  0.0001552100  0.0002049880  0.0001372420  0.0002558200  0.0002758770  0.0000896340  0.0001841950  0.0001820810  0.0001783580  0.0002048010  0.0001886270  0.0001609750  0.0001573970  0.0001753160  0.0001907760  0.0001692470  0.0001500730  0.0001873110  0.0002126570  0.0001669890  0.0001234820  0.0000871270  0.0001875920  0.0001286400  0.0001033540  0.0002082190  0.0002491150  0.0001295630  0.0002607330  0.0002130830  0.0001588260  0.0001002080  0.0002198820  0.0001504560  0.0001207160  0.0000877610  0.0002785360  0.0001404420  0.0001480730  0.0001020370  0.0001634450  0.0001542540  0.0002896150  0.0001335130  0.0001298550  0.0002033130  0.0001353590  0.0002142290  0.0002086290  0.0001703290  0.0001276680  0.0001323040  0.0001593980  0.0001785760  0.0001817240  0.0001099500  0.0002237800  0.0001739840  0.0002448540  0.0001122650  0.0001146570  0.0002012090  0.0001643330  0.0002346070  0.0001274190  0.0001123820  0.0001748900  0.0002147800  0.0001688820  0.0001781190  0.0002800090  0.0003096270  0.0002064450  0.0002731910  0.0001667000  0.0002412030  0.0001979450  0.0000841980  0.0001243990  0.0001925070  0.0000698250  
  0.0001430970  0.0001165200  0.0000882250  0.0000828040  0.0000987500  0.0000977360  0.0000901120  0.0000813890  0.0000640050  0.0000892800  0.0001269010  0.0000876800  0.0000677010  0.0001622870  0.0000788560  0.0000912060  0.0001167160  0.0001004620  0.0000928450  0.0001131950  0.0001036700  0.0000946040  0.0001161160  0.0001484120  0.0000698750  0.0001103710  0.0000866060  0.0001568690  0.0000879230  0.0001274860  0.0000925960  0.0000943120  0.0000819680  0.0000982760  0.0000800290  0.0000866520  0.0000904940  0.0001316500  0.0000878670  0.0000854390  0.0000577380  0.0001193040  0.0000725800  0.0000624180  0.0001262890  0.0000930460  0.0000830000  0.0001512010  0.0001154320  0.0000924730  0.0000665750  0.0001273070  0.0000831650  0.0000748920  0.0000588370  0.0000957370  0.0000749260  0.0000960640  0.0000632060  0.0001019890  0.0000775460  0.0001088610  0.0000779080  0.0000861700  0.0001081400  0.0000865290  0.0001255760  0.0001396120  0.0001007060  0.0000905890  0.0000807010  0.0000898310  0.0000964050  0.0001090530  0.0000759710  0.0001220550  0.0000960760  0.0001313070  0.0000717390  0.0000886080  0.0001368770  0.0000803770  0.0001367760  0.0000822810  0.0000665920  0.0000940800  0.0001340520  0.0000884540  0.0000992450  0.0000964580  0.0001052280  0.0001206160  0.0000985260  0.0000962050  0.0001503160  0.0001155610  0.0000608990  0.0000708250  0.0000936490  0.0000812140  
  0.0003289310  0.0002641260  0.0001584160  0.0000892550  0.0001777340  0.0002056940  0.0002009700  0.0001485460  0.0001074200  0.0001489740  0.0000876800  0.0004978440  0.0000831210  0.0003837570  0.0001356480  0.0001780030  0.0001989190  0.0002498310  0.0001799800  0.0002049400  0.0002117550  0.0001930520  0.0002818900  0.0003171970  0.0000835730  0.0002257000  0.0002219880  0.0003130090  0.0002277430  0.0002303020  0.0001821720  0.0001798890  0.0001652140  0.0001968390  0.0002422490  0.0001794400  0.0002192150  0.0002746740  0.0002114820  0.0001325620  0.0000602800  0.0002534660  0.0001645720  0.0001399860  0.0002615790  0.0002064010  0.0001379540  0.0003307950  0.0003343880  0.0001814480  0.0000833810  0.0002782250  0.0001537820  0.0001221280  0.0001149670  0.0002566140  0.0001583150  0.0001727660  0.0001131900  0.0002234870  0.0001759600  0.0002660960  0.0001405480  0.0001487240  0.0002488400  0.0001587820  0.0003089690  0.0002495150  0.0002026490  0.0001655100  0.0001505870  0.0001909580  0.0002016480  0.0002104300  0.0001481240  0.0002698070  0.0001703080  0.0003102460  0.0001311120  0.0001744200  0.0002994660  0.0002281920  0.0002755710  0.0001431170  0.0001462700  0.0002150590  0.0003043990  0.0002009360  0.0002114000  0.0002414270  0.0002703970  0.0002587010  0.0002657780  0.0001899210  0.0003175120  0.0002485290  0.0001065860  0.0001444450  0.0002404890  0.0000827830  
  0.0001273830  0.0001118730  0.0000786370  0.0000713160  0.0000902240  0.0000816170  0.0000849840  0.0000725000  0.0000652570  0.0000836090  0.0000677010  0.0000831210  0.0001353410  0.0001605920  0.0000717620  0.0000831960  0.0001188650  0.0000966400  0.0000863620  0.0001098450  0.0001044890  0.0000935020  0.0001035810  0.0001544630  0.0000699200  0.0001053910  0.0000885870  0.0001543590  0.0000830170  0.0001209690  0.0000844340  0.0000929120  0.0000721710  0.0000942160  0.0000822770  0.0000904400  0.0000812640  0.0001347720  0.0000811540  0.0000863300  0.0000579990  0.0001025120  0.0000728980  0.0000633650  0.0001114660  0.0000875210  0.0000755170  0.0001407350  0.0001118860  0.0000840080  0.0000654280  0.0001191250  0.0000823860  0.0000786710  0.0000638330  0.0000967310  0.0000746010  0.0000883410  0.0000616220  0.0000973410  0.0000750910  0.0000998300  0.0000726960  0.0000811810  0.0001049210  0.0000833630  0.0001192670  0.0001341200  0.0000999460  0.0000791290  0.0000830130  0.0000839180  0.0000954630  0.0000993090  0.0000623480  0.0001257890  0.0001026870  0.0001157700  0.0000740900  0.0000847900  0.0001188450  0.0000814450  0.0001187120  0.0000764730  0.0000654340  0.0000893220  0.0001313400  0.0000886120  0.0000910130  0.0000878870  0.0001046600  0.0001074610  0.0000903460  0.0000914910  0.0001558120  0.0001094940  0.0000790590  0.0000722590  0.0000956190  0.0000682640  
  0.0009504140  0.0004977020  0.0003291870  0.0001804810  0.0003574130  0.0003403720  0.0004243080  0.0003737910  0.0002283280  0.0003227160  0.0001622870  0.0003837570  0.0001605920  0.0014316510  0.0002755930  0.0003459480  0.0004540060  0.0004926120  0.0003676620  0.0004112910  0.0005071880  0.0003322520  0.0005499730  0.0008847880  0.0001573940  0.0005133130  0.0004474670  0.0007319040  0.0004178710  0.0004974330  0.0003629320  0.0003789890  0.0003391860  0.0003994580  0.0003981950  0.0003567530  0.0004173800  0.0006382210  0.0003661600  0.0002827960  0.0001314650  0.0004980330  0.0003148950  0.0002629360  0.0006881470  0.0004043780  0.0002803810  0.0007274310  0.0006278940  0.0003660060  0.0001629320  0.0005986570  0.0003393010  0.0002262630  0.0002375460  0.0004986570  0.0003286050  0.0003669820  0.0002191860  0.0004551150  0.0003477070  0.0005304540  0.0002731800  0.0002777540  0.0005830580  0.0003416700  0.0005528340  0.0005766710  0.0003913160  0.0003421530  0.0003224480  0.0003723310  0.0004771990  0.0004701840  0.0002525290  0.0006535450  0.0004752800  0.0008128640  0.0002525420  0.0003437960  0.0006338560  0.0003908610  0.0007068310  0.0002914030  0.0002425870  0.0004188880  0.0006704140  0.0003665370  0.0004158600  0.0004569050  0.0004907460  0.0007316870  0.0004764500  0.0003602250  0.0006747880  0.0006006480  0.0001886120  0.0003634420  0.0004503130  0.0001546940  
  0.0002440520  0.0002059100  0.0001318820  0.0000762080  0.0001736880  0.0001372360  0.0001521770  0.0001265710  0.0000948880  0.0001131000  0.0000788560  0.0001356480  0.0000717620  0.0002755930  0.0003254150  0.0001339000  0.0002135830  0.0001550940  0.0001639780  0.0001705120  0.0001568020  0.0001789830  0.0001955250  0.0002516580  0.0000665230  0.0001912830  0.0001699510  0.0002902730  0.0001180800  0.0002148270  0.0001402140  0.0001694650  0.0001242270  0.0001473740  0.0001877090  0.0001386710  0.0001506260  0.0002441840  0.0001660270  0.0001161340  0.0000606270  0.0002128420  0.0001122400  0.0000964240  0.0002154330  0.0001270880  0.0001008600  0.0002535160  0.0002091470  0.0001414740  0.0000754490  0.0002007670  0.0001198760  0.0000906060  0.0001506170  0.0001576730  0.0001355070  0.0001490310  0.0000996490  0.0001985480  0.0001169700  0.0001561540  0.0001087370  0.0001462470  0.0001995680  0.0001388100  0.0002037230  0.0002431630  0.0001542960  0.0001773880  0.0001200240  0.0001417380  0.0001691410  0.0001635960  0.0001430980  0.0002242060  0.0001508190  0.0002449270  0.0001026090  0.0001600240  0.0002860860  0.0001463280  0.0002305730  0.0001204860  0.0001118560  0.0001511160  0.0002383180  0.0001363370  0.0001550710  0.0001421680  0.0001565940  0.0002123930  0.0001533670  0.0001393420  0.0002812290  0.0001891160  0.0000778990  0.0001159080  0.0001900880  0.0000752190  
  0.0003111450  0.0002472400  0.0001559850  0.0000947150  0.0001649810  0.0001548340  0.0001807520  0.0001466370  0.0001043930  0.0001603720  0.0000912060  0.0001780030  0.0000831960  0.0003459480  0.0001339000  0.0003325970  0.0002156120  0.0002335100  0.0001858310  0.0002023880  0.0002088250  0.0001763830  0.0002647940  0.0003135580  0.0000922870  0.0002353460  0.0002097110  0.0003096020  0.0001831160  0.0002266120  0.0001715670  0.0001845480  0.0001693660  0.0002035630  0.0002158780  0.0001765150  0.0002110770  0.0002651030  0.0001905880  0.0001416960  0.0000738320  0.0002483780  0.0001464360  0.0001265080  0.0002456770  0.0001892670  0.0001248000  0.0003044340  0.0002782820  0.0001907450  0.0000929930  0.0002494540  0.0001598300  0.0001155960  0.0000959670  0.0002336770  0.0001583780  0.0001839670  0.0001138130  0.0002281920  0.0001722140  0.0002324670  0.0001752540  0.0001579580  0.0002401370  0.0001575010  0.0002622820  0.0002565770  0.0001833270  0.0001550750  0.0001446270  0.0001790460  0.0001988950  0.0002138500  0.0001407090  0.0002802430  0.0001903530  0.0003061740  0.0001331580  0.0001758490  0.0002710470  0.0001853370  0.0002742950  0.0001499370  0.0001351380  0.0001980140  0.0002989370  0.0001831200  0.0002023790  0.0002215580  0.0002248480  0.0002726120  0.0002177060  0.0002151170  0.0002919710  0.0002468060  0.0000941300  0.0001325920  0.0002156550  0.0000819460  
  0.0005210380  0.0003457680  0.0002060830  0.0001277510  0.0004767160  0.0002100010  0.0002699280  0.0002440880  0.0001379670  0.0001848790  0.0001167160  0.0001989190  0.0001188650  0.0004540060  0.0002135830  0.0002156120  0.0007182110  0.0002702380  0.0002710410  0.0002715350  0.0003132660  0.0002826280  0.0003577660  0.0005407990  0.0001169160  0.0003360430  0.0003013880  0.0005294210  0.0002206330  0.0005907100  0.0002389180  0.0002957380  0.0001959830  0.0002571370  0.0002623460  0.0002330420  0.0002862090  0.0006746930  0.0002667950  0.0001886850  0.0001044390  0.0003771840  0.0001714910  0.0001590580  0.0004931190  0.0002168290  0.0001626360  0.0004901570  0.0003438250  0.0002280520  0.0001321480  0.0004000930  0.0002083110  0.0001468390  0.0001691930  0.0002702930  0.0002123220  0.0002802800  0.0001274120  0.0003505100  0.0001999520  0.0002594220  0.0001676470  0.0002268340  0.0003861660  0.0002187500  0.0003769250  0.0006694680  0.0002563910  0.0002535510  0.0001856340  0.0002420800  0.0003583770  0.0002810030  0.0002000160  0.0004925980  0.0002529790  0.0004746060  0.0001439320  0.0002516980  0.0005413210  0.0002392610  0.0005447410  0.0002008840  0.0001810940  0.0002694850  0.0004201840  0.0002182840  0.0002563790  0.0002446060  0.0002872840  0.0005110500  0.0002767650  0.0002382170  0.0007335410  0.0004233120  0.0001196240  0.0002058790  0.0003086440  0.0001152410  
  0.0004146050  0.0003179030  0.0001882010  0.0001163050  0.0002221480  0.0002065300  0.0002361530  0.0001842220  0.0001378650  0.0002738850  0.0001004620  0.0002498310  0.0000966400  0.0004926120  0.0001550940  0.0002335100  0.0002702380  0.0007416490  0.0002420390  0.0002452740  0.0003105870  0.0002234620  0.0004159020  0.0004367960  0.0001062880  0.0002877010  0.0003196150  0.0002531670  0.0003370960  0.0002998320  0.0002290690  0.0002416120  0.0002668200  0.0002918000  0.0003132730  0.0002369080  0.0003258790  0.0003406360  0.0002682920  0.0001809040  0.0000869170  0.0003109950  0.0001972070  0.0001593740  0.0003107890  0.0003801440  0.0001582980  0.0003984500  0.0003878940  0.0002453860  0.0001199800  0.0003342110  0.0002090060  0.0001563620  0.0001365250  0.0005624760  0.0002229170  0.0002151190  0.0001388570  0.0002703800  0.0002360120  0.0004970680  0.0001841670  0.0001816590  0.0003064630  0.0001921050  0.0003506320  0.0003388070  0.0002257790  0.0001856640  0.0001845380  0.0002571010  0.0002413040  0.0002756990  0.0001693260  0.0003711320  0.0002505720  0.0003983560  0.0001473260  0.0001720080  0.0003484120  0.0002602040  0.0003516530  0.0001765550  0.0001761260  0.0002748670  0.0003657850  0.0002473770  0.0002832750  0.0004723190  0.0005099090  0.0003399520  0.0004742720  0.0002537160  0.0004154490  0.0003072170  0.0001128580  0.0001785310  0.0003280870  0.0000807900  
  0.0003382590  0.0002655620  0.0001689850  0.0000999490  0.0002133130  0.0001773740  0.0002073540  0.0001683570  0.0001064330  0.0001554150  0.0000928450  0.0001799800  0.0000863620  0.0003676620  0.0001639780  0.0001858310  0.0002710410  0.0002420390  0.0003909460  0.0002213840  0.0002129470  0.0002141460  0.0002947650  0.0003373090  0.0000897670  0.0002487200  0.0002324720  0.0003705100  0.0001918210  0.0002778930  0.0001975960  0.0002259570  0.0001791520  0.0002229630  0.0002605270  0.0001952000  0.0002336700  0.0003086560  0.0002096040  0.0001473260  0.0000766450  0.0002878560  0.0001529090  0.0001356830  0.0002922800  0.0001854470  0.0001368880  0.0003318390  0.0003094370  0.0002007860  0.0000973680  0.0002797810  0.0001693880  0.0001123320  0.0001305090  0.0002466050  0.0001883890  0.0002051140  0.0001105510  0.0002564500  0.0001817300  0.0002378540  0.0001616640  0.0001791760  0.0002736980  0.0001696440  0.0002736150  0.0003106430  0.0002010270  0.0001879140  0.0001602120  0.0001896840  0.0002274170  0.0002255010  0.0001656730  0.0003193940  0.0001798380  0.0003597700  0.0001257000  0.0002138870  0.0003455300  0.0002003470  0.0003101240  0.0001880570  0.0001534780  0.0002203930  0.0003400510  0.0002001770  0.0002316200  0.0002181330  0.0002370560  0.0003080540  0.0002359650  0.0002080410  0.0003593280  0.0002668070  0.0000919610  0.0001377830  0.0002664200  0.0000871580  
  0.0004161090  0.0002734680  0.0001770240  0.0001146660  0.0002162680  0.0001884690  0.0002070280  0.0001589940  0.0001238090  0.0001552100  0.0001131950  0.0002049400  0.0001098450  0.0004112910  0.0001705120  0.0002023880  0.0002715350  0.0002452740  0.0002213840  0.0004882760  0.0002280190  0.0002344480  0.0002705330  0.0004088560  0.0001014130  0.0002621440  0.0002409730  0.0004058060  0.0002163420  0.0002822740  0.0002030560  0.0002327780  0.0001730920  0.0002184660  0.0002440760  0.0002140960  0.0002228970  0.0003261560  0.0002206380  0.0001752840  0.0000795350  0.0003236800  0.0001563820  0.0001450900  0.0003056790  0.0001920610  0.0001448280  0.0003608890  0.0003274400  0.0002005070  0.0001020930  0.0002950560  0.0001784540  0.0001297090  0.0001302770  0.0002382570  0.0001901410  0.0002283220  0.0001341660  0.0002728660  0.0001858260  0.0002450040  0.0001647870  0.0001818400  0.0002787880  0.0001814190  0.0003290580  0.0003162860  0.0002129970  0.0002046000  0.0001721020  0.0002023540  0.0002294240  0.0002414250  0.0001668030  0.0003452280  0.0002330060  0.0003838150  0.0001514070  0.0002046560  0.0003731860  0.0002217760  0.0003445900  0.0001648240  0.0001689310  0.0002214360  0.0003685630  0.0001876420  0.0002292110  0.0002369400  0.0002299530  0.0003463750  0.0002425950  0.0002149210  0.0003630030  0.0002937730  0.0001042230  0.0001618780  0.0002544270  0.0001101090  
  0.0004521890  0.0003042800  0.0001858610  0.0001154610  0.0002394810  0.0001868750  0.0002219450  0.0002055760  0.0001258930  0.0002049880  0.0001036700  0.0002117550  0.0001044890  0.0005071880  0.0001568020  0.0002088250  0.0003132660  0.0003105870  0.0002129470  0.0002280190  0.0003846200  0.0002173670  0.0003358500  0.0004550530  0.0001013100  0.0002887860  0.0002704160  0.0003581280  0.0002576930  0.0003191800  0.0002089110  0.0002316560  0.0001958570  0.0002398180  0.0002386220  0.0002133210  0.0002610800  0.0003838300  0.0002307880  0.0001620340  0.0000944980  0.0002884070  0.0001675820  0.0001456760  0.0003568140  0.0002589780  0.0001606800  0.0003988510  0.0003322380  0.0002164610  0.0001157640  0.0003266220  0.0001934690  0.0001510090  0.0001280100  0.0003242830  0.0001848080  0.0002289350  0.0001227700  0.0002659350  0.0001979840  0.0003293640  0.0001699840  0.0001784330  0.0003139170  0.0002004800  0.0003290690  0.0003621710  0.0002222060  0.0001911470  0.0001865840  0.0002274650  0.0002761620  0.0002595170  0.0001546030  0.0003682720  0.0002591300  0.0004152480  0.0001422400  0.0001988820  0.0003626180  0.0002247870  0.0004001400  0.0001711330  0.0001483550  0.0002337820  0.0003611330  0.0002187550  0.0002450040  0.0002995790  0.0003426490  0.0003793780  0.0003259340  0.0002207220  0.0004330040  0.0003321480  0.0001077510  0.0001923060  0.0002585750  0.0000879180  
  0.0003470020  0.0002891350  0.0001731860  0.0000995700  0.0002202100  0.0001925540  0.0002053780  0.0001614320  0.0001126580  0.0001372420  0.0000946040  0.0001930520  0.0000935020  0.0003322520  0.0001789830  0.0001763830  0.0002826280  0.0002234620  0.0002141460  0.0002344480  0.0002173670  0.0004182290  0.0002575200  0.0003443670  0.0000947700  0.0002610060  0.0002434830  0.0003729080  0.0001722590  0.0002878610  0.0001914660  0.0002117380  0.0001641980  0.0001906560  0.0002417490  0.0001855320  0.0002049650  0.0003152600  0.0002104690  0.0001522350  0.0000729210  0.0002777220  0.0001518080  0.0001380700  0.0002887090  0.0001662940  0.0001236310  0.0003223340  0.0003176680  0.0001872070  0.0000906870  0.0002691170  0.0001716220  0.0001172190  0.0001389290  0.0002176780  0.0001799800  0.0001957370  0.0001220130  0.0002671460  0.0001599080  0.0002205610  0.0001499770  0.0002061670  0.0002614840  0.0001804280  0.0003054350  0.0003220550  0.0001865420  0.0002031190  0.0001633530  0.0001846450  0.0002356620  0.0002225620  0.0001609350  0.0003271600  0.0001947890  0.0003273190  0.0001291430  0.0001979940  0.0003653420  0.0001946260  0.0003174270  0.0001509630  0.0001565620  0.0002037940  0.0003351560  0.0001892920  0.0002128660  0.0001964910  0.0002206200  0.0002942420  0.0002212190  0.0001920680  0.0003706800  0.0002658990  0.0001009540  0.0001379540  0.0002629150  0.0000978900  
  0.0005074250  0.0003601180  0.0002279160  0.0001257410  0.0003011050  0.0002349570  0.0002908140  0.0002399840  0.0001462800  0.0002558200  0.0001161160  0.0002818900  0.0001035810  0.0005499730  0.0001955250  0.0002647940  0.0003577660  0.0004159020  0.0002947650  0.0002705330  0.0003358500  0.0002575200  0.0006638550  0.0005206930  0.0001193460  0.0003371510  0.0003508000  0.0003864950  0.0003340880  0.0003715190  0.0002698200  0.0002929370  0.0003016280  0.0003340710  0.0003431940  0.0002772130  0.0003813890  0.0004179040  0.0003166750  0.0001977300  0.0000915130  0.0003797270  0.0002130010  0.0001895380  0.0003922040  0.0003365170  0.0001843060  0.0004817680  0.0004544710  0.0002840440  0.0001215180  0.0004012710  0.0002429230  0.0001618970  0.0001592130  0.0004297490  0.0002524940  0.0002692780  0.0001362840  0.0003337780  0.0002602700  0.0004317060  0.0002202500  0.0002218980  0.0003831720  0.0002370620  0.0003853780  0.0004164510  0.0002666760  0.0002348360  0.0002107840  0.0002794880  0.0003350150  0.0003111430  0.0002130040  0.0004611090  0.0002703510  0.0005293230  0.0001566520  0.0002199350  0.0004865140  0.0003087270  0.0004513380  0.0002081890  0.0001815810  0.0003220980  0.0004383550  0.0002858590  0.0003217620  0.0004013270  0.0004500030  0.0004238000  0.0004304860  0.0002907360  0.0005024700  0.0003786270  0.0001189260  0.0001999390  0.0003844900  0.0001008340  
  0.0008851310  0.0004676090  0.0003020250  0.0001753750  0.0004016970  0.0003055010  0.0003843130  0.0003252970  0.0002057500  0.0002758770  0.0001484120  0.0003171970  0.0001544630  0.0008847880  0.0002516580  0.0003135580  0.0005407990  0.0004367960  0.0003373090  0.0004088560  0.0004550530  0.0003443670  0.0005206930  0.0011832100  0.0001507570  0.0004379960  0.0004262430  0.0006611150  0.0003422310  0.0005289200  0.0003293220  0.0003776340  0.0002955280  0.0003645950  0.0003622480  0.0003562990  0.0003915100  0.0006144760  0.0003764950  0.0002593310  0.0001172080  0.0005073280  0.0002530100  0.0002293970  0.0006489300  0.0003585030  0.0002294620  0.0007043650  0.0005599690  0.0003163170  0.0001420190  0.0005594630  0.0003018880  0.0001869030  0.0001907810  0.0004524770  0.0003002840  0.0003536900  0.0001940190  0.0004268020  0.0003058090  0.0004388580  0.0002728310  0.0002918170  0.0005688560  0.0003181440  0.0005449760  0.0006233190  0.0003625770  0.0003148100  0.0002844410  0.0003715720  0.0004696270  0.0004097680  0.0002402850  0.0006818440  0.0005128150  0.0007395660  0.0002405670  0.0003220190  0.0006931410  0.0003587830  0.0007828660  0.0002660540  0.0002347640  0.0003732660  0.0006410670  0.0003251490  0.0003711470  0.0003861990  0.0004176530  0.0007743330  0.0004031130  0.0003498230  0.0007267300  0.0005896970  0.0001681940  0.0003331490  0.0004305640  0.0001382230  
  0.0001332990  0.0001191920  0.0000847740  0.0000738600  0.0000941220  0.0000848080  0.0000887920  0.0000770650  0.0000618150  0.0000896340  0.0000698750  0.0000835730  0.0000699200  0.0001573940  0.0000665230  0.0000922870  0.0001169160  0.0001062880  0.0000897670  0.0001014130  0.0001013100  0.0000947700  0.0001193460  0.0001507570  0.0001212400  0.0001096390  0.0000957540  0.0001561480  0.0000917230  0.0001236340  0.0000964240  0.0000901070  0.0000817760  0.0000962320  0.0000927370  0.0000880790  0.0000882770  0.0001369850  0.0000813850  0.0000908850  0.0000597290  0.0001092910  0.0000771780  0.0000631780  0.0001182860  0.0000953640  0.0000757180  0.0001485210  0.0001231430  0.0000882960  0.0000688590  0.0001281570  0.0000915390  0.0000796350  0.0000578270  0.0001042800  0.0000780840  0.0000922590  0.0000661400  0.0001075750  0.0000846940  0.0001113970  0.0000800730  0.0000853080  0.0001203130  0.0000858010  0.0001184410  0.0001337560  0.0000983520  0.0000865140  0.0000833650  0.0000873750  0.0001067920  0.0001063020  0.0000705990  0.0001303980  0.0000904750  0.0001277270  0.0000770060  0.0000863620  0.0001231380  0.0000880170  0.0001142020  0.0000783500  0.0000730530  0.0000954690  0.0001323870  0.0000896310  0.0000981080  0.0001012330  0.0001082420  0.0000978630  0.0000982800  0.0000964130  0.0001502960  0.0001122070  0.0000674330  0.0000760380  0.0001013610  0.0000624470  
  0.0004863550  0.0003381990  0.0002267560  0.0001229580  0.0002721570  0.0002150120  0.0002645200  0.0002152480  0.0001510450  0.0001841950  0.0001103710  0.0002257000  0.0001053910  0.0005133130  0.0001912830  0.0002353460  0.0003360430  0.0002877010  0.0002487200  0.0002621440  0.0002887860  0.0002610060  0.0003371510  0.0004379960  0.0001096390  0.0006021340  0.0003101010  0.0004639220  0.0002455910  0.0003445810  0.0002292520  0.0002718700  0.0002093250  0.0002568070  0.0002897560  0.0002365350  0.0002776740  0.0004026130  0.0002675470  0.0001886520  0.0000843080  0.0003528790  0.0001985260  0.0001738410  0.0003899630  0.0002397250  0.0001607690  0.0004396930  0.0003836130  0.0002396850  0.0001184540  0.0003548320  0.0002025950  0.0001438460  0.0001559910  0.0002998320  0.0002172080  0.0002533120  0.0001426040  0.0003034200  0.0002205040  0.0003116870  0.0001895350  0.0002153870  0.0003513620  0.0002262940  0.0003691960  0.0003936280  0.0002458190  0.0002355410  0.0001934810  0.0002424150  0.0002952850  0.0003928790  0.0001929160  0.0004179280  0.0002474660  0.0004487210  0.0001628640  0.0002420510  0.0004419640  0.0002511210  0.0004255130  0.0001983980  0.0001861220  0.0002554860  0.0004018860  0.0002222560  0.0002612130  0.0002649860  0.0002925200  0.0004241740  0.0002868830  0.0002470940  0.0004642570  0.0003465450  0.0001136650  0.0001804270  0.0002986730  0.0001084760  
  0.0004479390  0.0003332960  0.0001922880  0.0000994820  0.0002592240  0.0002367620  0.0002471220  0.0001879050  0.0001355790  0.0001820810  0.0000866060  0.0002219880  0.0000885870  0.0004474670  0.0001699510  0.0002097110  0.0003013880  0.0003196150  0.0002324720  0.0002409730  0.0002704160  0.0002434830  0.0003508000  0.0004262430  0.0000957540  0.0003101010  0.0007876510  0.0004120600  0.0002774020  0.0003055290  0.0002453350  0.0002512220  0.0002180030  0.0002508680  0.0003921100  0.0002201230  0.0002809270  0.0003729050  0.0002296600  0.0001683840  0.0000647830  0.0002969310  0.0001868770  0.0001889500  0.0003313920  0.0002489450  0.0001414780  0.0004049840  0.0004990660  0.0002325380  0.0000967460  0.0003328390  0.0002206310  0.0001310960  0.0001395930  0.0003411290  0.0002670680  0.0002417660  0.0001451700  0.0002931260  0.0002802580  0.0003340510  0.0001656960  0.0001887130  0.0003240820  0.0002110000  0.0003333620  0.0003502890  0.0002174160  0.0001953850  0.0001782910  0.0002415910  0.0002584870  0.0002661160  0.0001625260  0.0004210040  0.0002400030  0.0004139570  0.0001365750  0.0002126850  0.0004093510  0.0003382140  0.0003610480  0.0001637020  0.0001986280  0.0002484740  0.0003765490  0.0002503420  0.0002888440  0.0003057550  0.0003147430  0.0003596350  0.0003249010  0.0002236080  0.0004164720  0.0003229810  0.0001030800  0.0001594280  0.0003979210  0.0000878410  
  0.0007479970  0.0005501640  0.0002738030  0.0001558770  0.0003998720  0.0003302300  0.0003217920  0.0002985740  0.0001841070  0.0001783580  0.0001568690  0.0003130090  0.0001543590  0.0007319040  0.0002902730  0.0003096020  0.0005294210  0.0002531670  0.0003705100  0.0004058060  0.0003581280  0.0003729080  0.0003864950  0.0006611150  0.0001561480  0.0004639220  0.0004120600  0.0021522040  0.0002512450  0.0005156830  0.0002864080  0.0003826700  0.0002273380  0.0003197010  0.0004158430  0.0003066000  0.0003280810  0.0006368700  0.0003015170  0.0002357750  0.0000987830  0.0005467410  0.0002312940  0.0002396240  0.0005889070  0.0002094390  0.0002095030  0.0006175110  0.0005137280  0.0003138380  0.0001333970  0.0005085300  0.0002430060  0.0001722690  0.0002512730  0.0002538840  0.0002807830  0.0003888200  0.0001704890  0.0005032790  0.0003006770  0.0002565500  0.0002387940  0.0003060980  0.0005004240  0.0003162300  0.0004868740  0.0006298630  0.0003476800  0.0003527830  0.0002707090  0.0003173400  0.0004085790  0.0003735650  0.0002765740  0.0006039260  0.0003588900  0.0007335120  0.0002116390  0.0006107620  0.0007507470  0.0003657620  0.0006330430  0.0002942300  0.0002690960  0.0003301180  0.0006988720  0.0002963010  0.0003397050  0.0002403290  0.0002179470  0.0006505310  0.0002483840  0.0003296460  0.0006893410  0.0004700940  0.0001629960  0.0002621450  0.0004155400  0.0001705390  
