 100   300   0.10  30  0.000200000 
 0.0001868500  0.0001131600  0.0001446780  0.0001414420  0.0000971280  0.0001547510  0.0001141900  0.0001083310  0.0001171730  0.0001989720  0.0001500730  0.0001528070  0.0001107300  0.0001702120  0.0000723360  0.0001398860  0.0001536960  0.0000929470  0.0000788060  0.0001129340  0.0001298950  0.0001723100  0.0001658200  0.0001324920  0.0001559760  0.0001238310  0.0000845950  0.0000982780  0.0001000100  0.0001513570  0.0000863080  0.0001937010  0.0001139560  0.0001575270  0.0001188750  0.0001364250  0.0001484690  0.0000898800  0.0000940000  0.0001024720  0.0000711520  0.0001807040  0.0001050570  0.0001896380  0.0001083030  0.0001646730  0.0001651410  0.0001233560  0.0001615800  0.0000751560  0.0002187300  0.0001744410  0.0001370290  0.0001716460  0.0001477330  0.0001106270  0.0001406760  0.0000859400  0.0001759650  0.0001995160  0.0000848680  0.0001152050  0.0000775490  0.0001282220  0.0001108550  0.0000629290  0.0001096900  0.0001044880  0.0000972880  0.0001341270  0.0001856830  0.0001269400  0.0002154910  0.0000943760  0.0000848280  0.0001467220  0.0000933300  0.0000831580  0.0000700180  0.0001564160  0.0001305990  0.0001451050  0.0001472970  0.0001006350  0.0001280500  0.0001467630  0.0001505310  0.0001160750  0.0000845660  0.0001154650  0.0001211660  0.0001121450  0.0001218700  0.0001310090  0.0001326440  0.0001114990  0.0001257320  0.0001214310  0.0000798300  0.0000910450  
  0.0001131600  0.0003219230  0.0001935350  0.0002230560  0.0001580000  0.0002345970  0.0001827350  0.0001560240  0.0001985610  0.0002836620  0.0001155760  0.0002331200  0.0002033280  0.0002796510  0.0001039790  0.0002281610  0.0002244810  0.0001513310  0.0000873090  0.0001657150  0.0001836510  0.0002834430  0.0002561530  0.0002131120  0.0002264530  0.0001917260  0.0001247160  0.0001536320  0.0001473710  0.0002180680  0.0001194630  0.0002025970  0.0001811220  0.0002555190  0.0001874920  0.0002256550  0.0002287650  0.0001295580  0.0001400480  0.0001293180  0.0001105910  0.0002755790  0.0001765120  0.0002879520  0.0001946060  0.0002321960  0.0003115020  0.0001866520  0.0002531210  0.0001172760  0.0003244870  0.0002351570  0.0001089740  0.0002919930  0.0001219850  0.0002046490  0.0002343850  0.0001456790  0.0002622660  0.0002730310  0.0001291080  0.0002430250  0.0001196030  0.0002171780  0.0002014320  0.0001004620  0.0001338070  0.0001431540  0.0001443830  0.0002133750  0.0002481290  0.0002214530  0.0002876960  0.0001294920  0.0001146860  0.0002138020  0.0001524610  0.0001161970  0.0000924200  0.0002590450  0.0002372780  0.0002252210  0.0002626420  0.0001904490  0.0002057940  0.0002570400  0.0001954070  0.0000889830  0.0001459670  0.0001789340  0.0002003870  0.0001676980  0.0001548010  0.0001783600  0.0002157710  0.0001729460  0.0002053390  0.0001757240  0.0001128220  0.0001239650  
  0.0001446780  0.0001935350  0.0005449800  0.0002742390  0.0001902110  0.0002757210  0.0002414760  0.0001908130  0.0002177620  0.0004165810  0.0001522860  0.0003106620  0.0002324640  0.0004289890  0.0001320360  0.0003322690  0.0002929170  0.0001786130  0.0001018540  0.0001928380  0.0002362870  0.0003475700  0.0004084050  0.0002674120  0.0002965510  0.0002385160  0.0001592740  0.0001793680  0.0001917680  0.0002854840  0.0001277470  0.0002656450  0.0002005300  0.0003521490  0.0002238510  0.0003661890  0.0003187030  0.0001981410  0.0001669620  0.0001484500  0.0001274820  0.0003479720  0.0001825090  0.0005497810  0.0002223730  0.0003210250  0.0004056610  0.0002255910  0.0004360320  0.0001296000  0.0005441770  0.0003320970  0.0001268370  0.0003287430  0.0001650620  0.0002131440  0.0003126370  0.0001484100  0.0003950150  0.0006473590  0.0001597780  0.0002411130  0.0001630700  0.0002405480  0.0002073930  0.0000945500  0.0001465100  0.0001897760  0.0001567390  0.0002709160  0.0003613420  0.0002452900  0.0004149010  0.0001715160  0.0001346470  0.0002617170  0.0001779440  0.0001277170  0.0000914800  0.0003240940  0.0002651610  0.0002695160  0.0002934550  0.0001928020  0.0002439280  0.0002518580  0.0002473780  0.0001009910  0.0001634680  0.0002151020  0.0002232630  0.0002137070  0.0002047350  0.0003313600  0.0002441980  0.0002185170  0.0002484000  0.0002220740  0.0001294050  0.0001885190  
  0.0001414420  0.0002230560  0.0002742390  0.0012760560  0.0002866420  0.0002397180  0.0002783280  0.0002819270  0.0002428030  0.0005054190  0.0001385960  0.0005016810  0.0002609360  0.0005963750  0.0001506190  0.0003131240  0.0001988540  0.0002164770  0.0001079430  0.0002169750  0.0002714670  0.0004348590  0.0005257210  0.0004024260  0.0002140990  0.0002949580  0.0001615390  0.0002432610  0.0002249670  0.0002002370  0.0001951680  0.0002440700  0.0002638620  0.0004058310  0.0002963850  0.0003623970  0.0003767220  0.0002083420  0.0001773230  0.0001634700  0.0001764220  0.0003216610  0.0002040840  0.0005146370  0.0003008520  0.0003842340  0.0005925980  0.0003021580  0.0006049680  0.0001393400  0.0005401000  0.0004214460  0.0001264010  0.0002605830  0.0001297420  0.0002311940  0.0004295350  0.0001975710  0.0005942900  0.0005686640  0.0001844100  0.0003538730  0.0001748740  0.0002381060  0.0002398090  0.0001753950  0.0001966810  0.0001888970  0.0002105180  0.0003767200  0.0004498220  0.0003739430  0.0005148650  0.0001792100  0.0001766270  0.0003014640  0.0002132240  0.0001542360  0.0001226760  0.0004015650  0.0003182230  0.0003676640  0.0004671010  0.0002176680  0.0003009640  0.0003339280  0.0003011650  0.0000955430  0.0002031370  0.0002846300  0.0002626510  0.0002862050  0.0002290430  0.0003167090  0.0003558860  0.0002417050  0.0003480580  0.0002475980  0.0001841240  0.0001931850  
  0.0000971280  0.0001580000  0.0001902110  0.0002866420  0.0005015510  0.0001990100  0.0001950300  0.0002156000  0.0001693810  0.0003444990  0.0001013110  0.0003183640  0.0001710830  0.0003050320  0.0001056390  0.0002401820  0.0001977540  0.0001306880  0.0000763280  0.0001664650  0.0001719570  0.0002690180  0.0002936160  0.0002569670  0.0001891710  0.0001877140  0.0001161420  0.0002129880  0.0001446600  0.0001890760  0.0001304110  0.0001750880  0.0001820730  0.0002952970  0.0001771110  0.0002382840  0.0002272240  0.0001198560  0.0001345710  0.0001176440  0.0001039310  0.0002343390  0.0001339300  0.0003105360  0.0001944770  0.0002717030  0.0003075560  0.0001940220  0.0003041360  0.0000985200  0.0003346010  0.0002783220  0.0000901190  0.0002353460  0.0001066870  0.0001827200  0.0002640480  0.0001196630  0.0003582880  0.0002976100  0.0001243890  0.0001999490  0.0001232280  0.0001854870  0.0001849850  0.0001709840  0.0001286260  0.0001389650  0.0001430240  0.0002366230  0.0003002720  0.0002754510  0.0003185310  0.0001239220  0.0001536280  0.0001997910  0.0001592300  0.0001078120  0.0000798870  0.0002590290  0.0002029770  0.0002419570  0.0003012230  0.0001486010  0.0002179530  0.0002143580  0.0002081100  0.0000772850  0.0001173200  0.0001732090  0.0001861620  0.0002171290  0.0001584520  0.0002087310  0.0002959520  0.0001758770  0.0002596520  0.0001828510  0.0001164880  0.0001321190  
  0.0001547510  0.0002345970  0.0002757210  0.0002397180  0.0001990100  0.0009926920  0.0002343400  0.0001823360  0.0002404630  0.0004525020  0.0001507610  0.0003430170  0.0002540240  0.0003285550  0.0001291690  0.0003194450  0.0004613050  0.0001614900  0.0001082230  0.0002202050  0.0002638820  0.0004176140  0.0003672870  0.0002915170  0.0004878030  0.0003105010  0.0001708550  0.0001895470  0.0001645560  0.0004622770  0.0001576050  0.0003612790  0.0002356590  0.0004114050  0.0002299460  0.0003320200  0.0003286350  0.0001577560  0.0001670180  0.0001685100  0.0001396390  0.0005171860  0.0002382230  0.0004330840  0.0002444180  0.0003255240  0.0004569050  0.0002539620  0.0003063790  0.0001344920  0.0004656530  0.0003145440  0.0001582580  0.0007008340  0.0002013960  0.0002386280  0.0002887220  0.0001614220  0.0003888140  0.0004336000  0.0001857620  0.0003492820  0.0001376080  0.0007393840  0.0002365810  0.0000788330  0.0001793410  0.0002134850  0.0001699640  0.0002761370  0.0003445910  0.0002867110  0.0004153960  0.0001575460  0.0001301120  0.0003238700  0.0002108820  0.0001288750  0.0000929180  0.0003580590  0.0002940070  0.0002921460  0.0004008130  0.0002448880  0.0002695640  0.0003870270  0.0003388160  0.0000988690  0.0001832540  0.0002887020  0.0003093730  0.0001940530  0.0002308430  0.0002610710  0.0002762200  0.0002532830  0.0002918240  0.0002425850  0.0001509770  0.0001786210  
  0.0001141900  0.0001827350  0.0002414760  0.0002783280  0.0001950300  0.0002343400  0.0005712900  0.0001872840  0.0002036680  0.0003710250  0.0001197750  0.0003027750  0.0002174090  0.0003920370  0.0001182940  0.0002575640  0.0002282790  0.0001531590  0.0000775970  0.0001851190  0.0001983150  0.0003479770  0.0003847230  0.0002597270  0.0002397430  0.0002205040  0.0001498900  0.0001753230  0.0001429800  0.0002428240  0.0001301410  0.0002337020  0.0001869450  0.0003569450  0.0002017080  0.0002893030  0.0002586410  0.0001597220  0.0001457740  0.0001223780  0.0001343420  0.0002970610  0.0001692470  0.0003947780  0.0002150860  0.0003040770  0.0003644430  0.0002001020  0.0004069950  0.0001104490  0.0004126830  0.0002886300  0.0001085320  0.0003246540  0.0001248620  0.0001941870  0.0002978840  0.0001478110  0.0003639260  0.0004207680  0.0001457490  0.0002516700  0.0001238690  0.0002177140  0.0002146410  0.0001088240  0.0001497410  0.0001619990  0.0001573120  0.0002509020  0.0003070980  0.0002295320  0.0003465600  0.0001339740  0.0001152880  0.0002403290  0.0001589490  0.0001113940  0.0000882240  0.0002979000  0.0002660570  0.0002708300  0.0003320200  0.0001874540  0.0002311640  0.0002629190  0.0002311390  0.0000885740  0.0001606360  0.0002069730  0.0002203960  0.0001985480  0.0001772710  0.0002454990  0.0002370000  0.0001775050  0.0002589810  0.0001972330  0.0001411470  0.0001375180  
  0.0001083310  0.0001560240  0.0001908130  0.0002819270  0.0002156000  0.0001823360  0.0001872840  0.0002883170  0.0001723490  0.0003310530  0.0001127960  0.0003309620  0.0001763440  0.0003241550  0.0001035160  0.0002311320  0.0001856640  0.0001475070  0.0000865140  0.0001559110  0.0001770440  0.0002645500  0.0003015340  0.0002344090  0.0001809020  0.0001895130  0.0001182910  0.0001789180  0.0001520540  0.0001748800  0.0001334870  0.0001806830  0.0001751710  0.0002624700  0.0001925990  0.0002336130  0.0002281740  0.0001177500  0.0001393070  0.0001153690  0.0001105630  0.0002234160  0.0001505810  0.0003148100  0.0001727670  0.0002545510  0.0003161160  0.0001993700  0.0003024480  0.0001060430  0.0003403890  0.0002676160  0.0000989590  0.0002256870  0.0001156090  0.0001648660  0.0002832550  0.0001241230  0.0003646480  0.0003044560  0.0001253410  0.0001973280  0.0001203350  0.0001711660  0.0001926500  0.0001444750  0.0001300480  0.0001382540  0.0001453330  0.0002283310  0.0002981440  0.0002571960  0.0003220840  0.0001236890  0.0001351740  0.0002002050  0.0001459570  0.0001121380  0.0000863880  0.0002532010  0.0002038630  0.0002355410  0.0002775320  0.0001474580  0.0002090430  0.0002101470  0.0002011670  0.0000859120  0.0001359620  0.0001730890  0.0001818980  0.0001997220  0.0001611660  0.0002067920  0.0002526690  0.0001649800  0.0002345260  0.0001761590  0.0001146760  0.0001342330  
  0.0001171730  0.0001985610  0.0002177620  0.0002428030  0.0001693810  0.0002404630  0.0002036680  0.0001723490  0.0006179370  0.0003500050  0.0001165360  0.0002739710  0.0002332810  0.0003241520  0.0000999500  0.0002459260  0.0002379590  0.0001723410  0.0000984370  0.0001721280  0.0002074170  0.0003184510  0.0002897160  0.0002574460  0.0002416380  0.0002155850  0.0001349040  0.0001814760  0.0001442530  0.0002500390  0.0001211650  0.0002253150  0.0001867200  0.0003080700  0.0002040870  0.0002550330  0.0002697010  0.0001492910  0.0001504030  0.0001228960  0.0001144530  0.0002929660  0.0002865360  0.0003444700  0.0002030380  0.0002725350  0.0003333220  0.0002079530  0.0003010620  0.0001312370  0.0003693920  0.0002752680  0.0001139850  0.0003096230  0.0001267670  0.0002182650  0.0002677340  0.0001583220  0.0003131360  0.0003360280  0.0001450810  0.0002735000  0.0001199260  0.0002193450  0.0002455210  0.0000918070  0.0001391400  0.0001667730  0.0001592760  0.0002540830  0.0003077350  0.0002611100  0.0003451270  0.0001354890  0.0001290990  0.0002353830  0.0001586570  0.0001213120  0.0001046140  0.0002766000  0.0002657530  0.0002477630  0.0002950080  0.0001997580  0.0002252120  0.0003072800  0.0002203470  0.0000884020  0.0001581910  0.0001988670  0.0002193950  0.0001826240  0.0001755200  0.0002081230  0.0002485130  0.0001848770  0.0002318740  0.0001871820  0.0001222180  0.0001401750  
  0.0001989720  0.0002836620  0.0004165810  0.0005054190  0.0003444990  0.0004525020  0.0003710250  0.0003310530  0.0003500050  0.0012000600  0.0002005680  0.0006222450  0.0003586300  0.0007616250  0.0001716770  0.0004972020  0.0004108390  0.0002717660  0.0001459530  0.0002909580  0.0003477200  0.0005252990  0.0006870580  0.0004119860  0.0004157900  0.0003883120  0.0002209430  0.0003346910  0.0002707650  0.0004044410  0.0002440990  0.0003917300  0.0003344580  0.0005643220  0.0003952040  0.0004884630  0.0004922920  0.0002529250  0.0002438260  0.0002125820  0.0001880540  0.0004916610  0.0002896330  0.0006856230  0.0003520900  0.0005467200  0.0006524480  0.0003633400  0.0007726680  0.0001599700  0.0007804840  0.0007599530  0.0001879850  0.0005303880  0.0002307510  0.0003240930  0.0005290610  0.0001882420  0.0007525670  0.0006987320  0.0002351220  0.0003949190  0.0002214660  0.0003829410  0.0003365720  0.0001571830  0.0002454040  0.0002600800  0.0002763160  0.0004738890  0.0008692550  0.0004681350  0.0009071760  0.0002048250  0.0002204630  0.0004326400  0.0002720620  0.0001754250  0.0001404030  0.0005295920  0.0004134520  0.0004629420  0.0006321380  0.0002994800  0.0003945410  0.0004005370  0.0004164530  0.0001408520  0.0002269840  0.0003539980  0.0003593400  0.0003633140  0.0003409960  0.0004692790  0.0004463210  0.0003322370  0.0004505650  0.0003388010  0.0001839080  0.0002539720  
  0.0001500730  0.0001155760  0.0001522860  0.0001385960  0.0001013110  0.0001507610  0.0001197750  0.0001127960  0.0001165360  0.0002005680  0.0002069900  0.0001429410  0.0001208740  0.0001641260  0.0000829230  0.0001378600  0.0001648340  0.0000941230  0.0000818290  0.0001217120  0.0001372880  0.0001815940  0.0001810570  0.0001288240  0.0001524310  0.0001327280  0.0000980130  0.0000974560  0.0001066270  0.0001603370  0.0000882260  0.0002134900  0.0001174720  0.0001714840  0.0001244840  0.0001465100  0.0001509100  0.0001045940  0.0001010140  0.0001086220  0.0000836880  0.0001931580  0.0001130640  0.0002231400  0.0001068420  0.0001861950  0.0001817460  0.0001271840  0.0001724840  0.0000802750  0.0002281450  0.0001689990  0.0001476640  0.0001764220  0.0001616300  0.0001161130  0.0001541870  0.0000877930  0.0001633730  0.0002193720  0.0000963260  0.0000991860  0.0000804210  0.0001289110  0.0001066980  0.0000629260  0.0001138480  0.0001060840  0.0001014950  0.0001288100  0.0001878300  0.0001262750  0.0002177890  0.0001103490  0.0000873420  0.0001532450  0.0000959820  0.0000979460  0.0000766240  0.0001619470  0.0001343340  0.0001537220  0.0001484870  0.0001046140  0.0001308130  0.0001493110  0.0001421640  0.0001294150  0.0000943630  0.0001212580  0.0001279990  0.0001141290  0.0001226890  0.0001489480  0.0001329190  0.0001230520  0.0001273700  0.0001307070  0.0000872860  0.0000996830  
  0.0001528070  0.0002331200  0.0003106620  0.0005016810  0.0003183640  0.0003430170  0.0003027750  0.0003309620  0.0002739710  0.0006222450  0.0001429410  0.0010626980  0.0002832050  0.0006361860  0.0001334590  0.0003747440  0.0003045630  0.0002214680  0.0001101840  0.0002386980  0.0002875470  0.0004669710  0.0005132140  0.0004032230  0.0003150190  0.0003414770  0.0001735510  0.0002779290  0.0002288630  0.0003140820  0.0001994540  0.0002863450  0.0002718340  0.0004962260  0.0002975270  0.0004221640  0.0004019430  0.0001785620  0.0001970020  0.0001606520  0.0001448730  0.0003885100  0.0002451690  0.0005376710  0.0003422720  0.0004134700  0.0006594600  0.0003541130  0.0005787880  0.0001283160  0.0005655160  0.0004754100  0.0001361420  0.0004206610  0.0001549900  0.0002503610  0.0005541610  0.0001760600  0.0009723080  0.0005479850  0.0002192810  0.0003569950  0.0002014340  0.0003265000  0.0002830080  0.0001998390  0.0001868840  0.0002258770  0.0002208740  0.0003976000  0.0005332660  0.0003940240  0.0006016900  0.0001783720  0.0001972250  0.0003414760  0.0002353120  0.0001514870  0.0001129750  0.0004438880  0.0003306600  0.0003932430  0.0005150490  0.0002157780  0.0003501390  0.0003658210  0.0003448540  0.0001059860  0.0001943860  0.0003031770  0.0003003590  0.0003264680  0.0002623840  0.0003527270  0.0003875270  0.0002801490  0.0004082110  0.0002538800  0.0001630310  0.0002257370  
  0.0001107300  0.0002033280  0.0002324640  0.0002609360  0.0001710830  0.0002540240  0.0002174090  0.0001763440  0.0002332810  0.0003586300  0.0001208740  0.0002832050  0.0004680970  0.0003288400  0.0001107800  0.0002624390  0.0002381730  0.0001603220  0.0000862370  0.0001785450  0.0001973160  0.0003166330  0.0003268090  0.0002658620  0.0002457340  0.0002179610  0.0001326610  0.0001701040  0.0001662760  0.0002384660  0.0001230970  0.0002162190  0.0002033490  0.0003189120  0.0002134660  0.0002511850  0.0002599290  0.0001436980  0.0001549730  0.0001359630  0.0001259750  0.0002802130  0.0001861370  0.0003717090  0.0002150280  0.0002721970  0.0003409310  0.0002142740  0.0003217550  0.0001252840  0.0004000470  0.0002902930  0.0001054670  0.0003041050  0.0001280860  0.0001941980  0.0002814330  0.0001593150  0.0003314250  0.0003513330  0.0001360780  0.0002708230  0.0001319500  0.0002417150  0.0002568170  0.0001052680  0.0001300770  0.0001600770  0.0001601990  0.0002549560  0.0003038090  0.0002511160  0.0003569100  0.0001308270  0.0001245400  0.0002469290  0.0001590050  0.0001150770  0.0000978420  0.0002914890  0.0002610910  0.0002523140  0.0003077590  0.0002101850  0.0002128300  0.0002975500  0.0002182200  0.0000848410  0.0001645800  0.0002040280  0.0002148930  0.0001703390  0.0001759940  0.0002192220  0.0002458690  0.0001976290  0.0002314110  0.0001944020  0.0001155830  0.0001412750  
  0.0001702120  0.0002796510  0.0004289890  0.0005963750  0.0003050320  0.0003285550  0.0003920370  0.0003241550  0.0003241520  0.0007616250  0.0001641260  0.0006361860  0.0003288400  0.0016501200  0.0001602440  0.0005554090  0.0003614310  0.0002630860  0.0001124350  0.0002746980  0.0003419820  0.0005713000  0.0008220670  0.0004525570  0.0003980700  0.0003568020  0.0002089380  0.0003079380  0.0003141400  0.0003762920  0.0002002970  0.0003509960  0.0002948220  0.0005318080  0.0003663380  0.0005704420  0.0005271310  0.0002187490  0.0002406160  0.0001892540  0.0001991110  0.0004836280  0.0002258590  0.0007958640  0.0003358540  0.0005138270  0.0009119680  0.0003657850  0.0013387840  0.0001469320  0.0008466000  0.0005756100  0.0001435330  0.0004580300  0.0001828620  0.0003073800  0.0005196110  0.0001812250  0.0007630710  0.0008092930  0.0002275330  0.0003972470  0.0002625990  0.0002966970  0.0003032870  0.0001422510  0.0002078510  0.0002478650  0.0002479700  0.0004404080  0.0006659250  0.0004427080  0.0006697450  0.0001931650  0.0001964040  0.0004297070  0.0002803860  0.0001880250  0.0001286240  0.0005693470  0.0003948670  0.0004769040  0.0005458830  0.0002644790  0.0003986370  0.0003904060  0.0003587070  0.0001059470  0.0002177250  0.0003248910  0.0003529490  0.0003574040  0.0002696920  0.0004928900  0.0003893300  0.0003137010  0.0004560150  0.0003155000  0.0001876900  0.0002483490  
  0.0000723360  0.0001039790  0.0001320360  0.0001506190  0.0001056390  0.0001291690  0.0001182940  0.0001035160  0.0000999500  0.0001716770  0.0000829230  0.0001334590  0.0001107800  0.0001602440  0.0002310620  0.0001295210  0.0001244480  0.0001193380  0.0000605510  0.0001110300  0.0001205900  0.0001701920  0.0001561160  0.0001142270  0.0001342700  0.0001246730  0.0001804980  0.0000941790  0.0000986580  0.0001338870  0.0000996620  0.0001289440  0.0001135650  0.0001797010  0.0001155980  0.0001344160  0.0001217950  0.0001202180  0.0000950900  0.0001089780  0.0001034150  0.0001563110  0.0000883570  0.0002045810  0.0001290730  0.0001493940  0.0001821220  0.0001285790  0.0001651690  0.0000916310  0.0002023800  0.0001305810  0.0000723140  0.0001497230  0.0000757450  0.0000991940  0.0001418020  0.0001088210  0.0001508800  0.0001915230  0.0001044910  0.0001254490  0.0000765130  0.0001202970  0.0001153010  0.0000716310  0.0000897370  0.0000874460  0.0000938120  0.0001269690  0.0001412540  0.0001361620  0.0001640710  0.0001007300  0.0000781290  0.0001309030  0.0000893040  0.0000874190  0.0000742560  0.0001493250  0.0001223800  0.0001468110  0.0001442790  0.0001022020  0.0001334940  0.0001240610  0.0001110510  0.0000595520  0.0001218000  0.0001076780  0.0001178040  0.0001070090  0.0000922050  0.0001218450  0.0001275840  0.0001018840  0.0001331510  0.0001094210  0.0001139140  0.0000967990  
  0.0001398860  0.0002281610  0.0003322690  0.0003131240  0.0002401820  0.0003194450  0.0002575640  0.0002311320  0.0002459260  0.0004972020  0.0001378600  0.0003747440  0.0002624390  0.0005554090  0.0001295210  0.0005411370  0.0002870730  0.0001995000  0.0001095680  0.0002080120  0.0002450010  0.0003781270  0.0004850910  0.0003077080  0.0003009870  0.0002696100  0.0001620480  0.0002239100  0.0002213640  0.0002836590  0.0001588930  0.0002431330  0.0002344260  0.0003480270  0.0002587080  0.0004142620  0.0003569010  0.0001775300  0.0001797480  0.0001735030  0.0001400040  0.0003435990  0.0002145270  0.0005387400  0.0002531500  0.0003214340  0.0004979310  0.0002641050  0.0005558800  0.0001297800  0.0005632400  0.0004020160  0.0001190490  0.0003596450  0.0001545820  0.0002351230  0.0003289000  0.0001767700  0.0004508780  0.0005342940  0.0001774400  0.0002806440  0.0001811540  0.0002854960  0.0002558110  0.0001286120  0.0001686610  0.0001928480  0.0001845060  0.0003078770  0.0004352190  0.0002906600  0.0004818910  0.0001573250  0.0001573660  0.0002852350  0.0002000080  0.0001420300  0.0001167580  0.0003954410  0.0002832390  0.0003281310  0.0003546430  0.0002198250  0.0002767650  0.0002977270  0.0002793190  0.0001008810  0.0001879640  0.0002421320  0.0002483170  0.0002420190  0.0002199520  0.0003299150  0.0002731630  0.0002274710  0.0002858990  0.0002405080  0.0001444720  0.0001929290  
  0.0001536960  0.0002244810  0.0002929170  0.0001988540  0.0001977540  0.0004613050  0.0002282790  0.0001856640  0.0002379590  0.0004108390  0.0001648340  0.0003045630  0.0002381730  0.0003614310  0.0001244480  0.0002870730  0.0007416490  0.0001684880  0.0001062880  0.0002245060  0.0002526370  0.0003878940  0.0003516530  0.0002980450  0.0004993130  0.0002928050  0.0001621800  0.0001851420  0.0001684250  0.0004827530  0.0001477710  0.0003410480  0.0002193160  0.0004126920  0.0002151190  0.0003133840  0.0002844740  0.0001742210  0.0001737410  0.0001581640  0.0001389190  0.0004602650  0.0002125760  0.0004367960  0.0002445130  0.0003506320  0.0003983560  0.0002416120  0.0003216600  0.0001388570  0.0004678340  0.0003070260  0.0001537540  0.0005843360  0.0001882540  0.0002290690  0.0003109950  0.0001473940  0.0003484120  0.0004381380  0.0001846540  0.0003132730  0.0001455860  0.0004022080  0.0002187610  0.0000922920  0.0001744460  0.0002106980  0.0001597890  0.0002703800  0.0003388070  0.0002736790  0.0004003640  0.0001717980  0.0001319100  0.0003366550  0.0002034450  0.0001371650  0.0001052310  0.0003342110  0.0002626500  0.0002877010  0.0003686970  0.0002180850  0.0002533050  0.0003280870  0.0002854470  0.0001113810  0.0001766350  0.0002617390  0.0002976780  0.0001964310  0.0002067850  0.0002801310  0.0002628670  0.0002369080  0.0002752360  0.0002444950  0.0001459350  0.0001658760  
  0.0000929470  0.0001513310  0.0001786130  0.0002164770  0.0001306880  0.0001614900  0.0001531590  0.0001475070  0.0001723410  0.0002717660  0.0000941230  0.0002214680  0.0001603220  0.0002630860  0.0001193380  0.0001995000  0.0001684880  0.0006720730  0.0000753640  0.0001370430  0.0001638240  0.0002527450  0.0002378630  0.0001555540  0.0001925680  0.0001613500  0.0001424280  0.0001382210  0.0001440140  0.0001607410  0.0001042360  0.0001612420  0.0001649060  0.0002448990  0.0001694430  0.0002013780  0.0001880720  0.0002422530  0.0001198960  0.0001126450  0.0001162760  0.0001964390  0.0001495530  0.0002923710  0.0002122580  0.0002204720  0.0002699930  0.0001688590  0.0002842580  0.0001265560  0.0003017840  0.0002150280  0.0000925950  0.0001794340  0.0001027170  0.0001459840  0.0002142960  0.0001377990  0.0002443570  0.0003070680  0.0001430810  0.0002190150  0.0001253310  0.0001605660  0.0001671540  0.0000991540  0.0001216020  0.0001327380  0.0001218190  0.0001757880  0.0002385770  0.0002238700  0.0002687870  0.0001127400  0.0000991620  0.0001917190  0.0001231210  0.0000924340  0.0001098530  0.0002270120  0.0001849110  0.0002139090  0.0002359920  0.0001538290  0.0001976790  0.0001963610  0.0001655330  0.0000616710  0.0001570490  0.0001499400  0.0001730540  0.0001614000  0.0001363440  0.0001811140  0.0001984430  0.0001463680  0.0001877130  0.0001531420  0.0001261300  0.0001211370  
  0.0000788060  0.0000873090  0.0001018540  0.0001079430  0.0000763280  0.0001082230  0.0000775970  0.0000865140  0.0000984370  0.0001459530  0.0000818290  0.0001101840  0.0000862370  0.0001124350  0.0000605510  0.0001095680  0.0001062880  0.0000753640  0.0001212400  0.0000860850  0.0000950940  0.0001231430  0.0001142020  0.0000963120  0.0001030400  0.0000950010  0.0000692650  0.0000804160  0.0000790480  0.0001009500  0.0000748950  0.0001178950  0.0000930540  0.0001132040  0.0000922590  0.0000998380  0.0001092800  0.0000672120  0.0000776810  0.0000846000  0.0000501240  0.0001280190  0.0000912950  0.0001507570  0.0000960210  0.0001184410  0.0001277270  0.0000901070  0.0001022910  0.0000661400  0.0001628480  0.0001223740  0.0000742340  0.0001291870  0.0000850970  0.0000964240  0.0001092910  0.0000703290  0.0001231380  0.0001161660  0.0000726750  0.0000927370  0.0000618390  0.0000931140  0.0000928930  0.0000452420  0.0000767090  0.0000825710  0.0000808640  0.0001075750  0.0001337560  0.0001036360  0.0001573280  0.0000784590  0.0000696550  0.0001045020  0.0000717430  0.0000677340  0.0000591530  0.0001281570  0.0000971720  0.0001096390  0.0001167430  0.0000825250  0.0000997390  0.0001013610  0.0000997550  0.0000684180  0.0000750120  0.0000893350  0.0000966070  0.0000874760  0.0000919340  0.0000945810  0.0001056390  0.0000880790  0.0000906650  0.0000991560  0.0000622830  0.0000704980  
  0.0001129340  0.0001657150  0.0001928380  0.0002169750  0.0001664650  0.0002202050  0.0001851190  0.0001559110  0.0001721280  0.0002909580  0.0001217120  0.0002386980  0.0001785450  0.0002746980  0.0001110300  0.0002080120  0.0002245060  0.0001370430  0.0000860850  0.0002573010  0.0001834290  0.0002748480  0.0002620160  0.0002253650  0.0002197600  0.0002009940  0.0001296590  0.0001522650  0.0001435120  0.0002245890  0.0001171660  0.0002111790  0.0001765050  0.0002870350  0.0001765580  0.0002248670  0.0002164730  0.0001368700  0.0001372600  0.0001252180  0.0001077080  0.0002640070  0.0001555530  0.0003163450  0.0001854670  0.0002722330  0.0002863110  0.0001867970  0.0002638490  0.0001091660  0.0003284000  0.0002276760  0.0001094190  0.0002784730  0.0001222040  0.0001696560  0.0002447150  0.0001212630  0.0002749950  0.0003147990  0.0001350340  0.0002093520  0.0001131040  0.0001945460  0.0001836800  0.0000844990  0.0001385290  0.0001446360  0.0001418360  0.0002158030  0.0002536280  0.0002191690  0.0002939810  0.0001319840  0.0001107520  0.0002183220  0.0001556720  0.0001142020  0.0000921500  0.0002426800  0.0002054330  0.0002265310  0.0002644910  0.0001570480  0.0002086380  0.0002192680  0.0001969040  0.0000847430  0.0001334850  0.0001808290  0.0001995560  0.0001646120  0.0001609650  0.0001956890  0.0002134640  0.0001763180  0.0002122120  0.0001894810  0.0001126300  0.0001251470  
  0.0001298950  0.0001836510  0.0002362870  0.0002714670  0.0001719570  0.0002638820  0.0001983150  0.0001770440  0.0002074170  0.0003477200  0.0001372880  0.0002875470  0.0001973160  0.0003419820  0.0001205900  0.0002450010  0.0002526370  0.0001638240  0.0000950940  0.0001834290  0.0003696550  0.0003219600  0.0003259370  0.0002428800  0.0002534640  0.0002281200  0.0001415110  0.0001739620  0.0001659050  0.0002573360  0.0001343340  0.0002485990  0.0002035440  0.0003226420  0.0002326690  0.0002529300  0.0002456460  0.0001506440  0.0001504240  0.0001378590  0.0001171720  0.0003138820  0.0001689140  0.0003606400  0.0002303630  0.0002880750  0.0003521660  0.0002272440  0.0003357330  0.0001225180  0.0003829900  0.0002740490  0.0001273750  0.0003198030  0.0001410100  0.0001875940  0.0002978600  0.0001339260  0.0003273530  0.0003555210  0.0001540280  0.0002369320  0.0001353970  0.0002348370  0.0001983730  0.0001015740  0.0001535250  0.0001716730  0.0001589670  0.0002455310  0.0003038610  0.0002387880  0.0003504670  0.0001527510  0.0001183230  0.0002564570  0.0001644270  0.0001351550  0.0001013010  0.0002841260  0.0002230990  0.0002607660  0.0002900970  0.0001786530  0.0002359550  0.0002576730  0.0002192740  0.0000998760  0.0001513990  0.0002107430  0.0002372190  0.0001839890  0.0001666800  0.0002340300  0.0002243600  0.0001867260  0.0002359080  0.0001957490  0.0001305220  0.0001538110  
  0.0001723100  0.0002834430  0.0003475700  0.0004348590  0.0002690180  0.0004176140  0.0003479770  0.0002645500  0.0003184510  0.0005252990  0.0001815940  0.0004669710  0.0003166330  0.0005713000  0.0001701920  0.0003781270  0.0003878940  0.0002527450  0.0001231430  0.0002748480  0.0003219600  0.0012972360  0.0004827690  0.0004101190  0.0004328860  0.0003368710  0.0002063970  0.0002448050  0.0002242690  0.0004040380  0.0001915590  0.0003704240  0.0002740350  0.0005600480  0.0003280840  0.0004536160  0.0003986200  0.0002188980  0.0002195480  0.0001905030  0.0001973120  0.0004835230  0.0002654360  0.0005599690  0.0003124730  0.0004502470  0.0006002670  0.0003248080  0.0005398860  0.0001805290  0.0005951680  0.0003844020  0.0001635820  0.0005206200  0.0001760240  0.0003131310  0.0004453060  0.0002025360  0.0005432520  0.0005938650  0.0002289320  0.0005198170  0.0001784340  0.0003712520  0.0003052000  0.0001402080  0.0002328950  0.0002384190  0.0002314880  0.0003701670  0.0004250560  0.0003798310  0.0004938570  0.0002200110  0.0001709140  0.0003937540  0.0002393780  0.0001801140  0.0001236830  0.0004259320  0.0003894580  0.0003836130  0.0005174350  0.0003111000  0.0003533580  0.0005397960  0.0003601550  0.0001185840  0.0002267030  0.0002945960  0.0003285060  0.0003023440  0.0002672360  0.0003623110  0.0003500120  0.0003009920  0.0003664180  0.0002795380  0.0001964870  0.0002231780  
  0.0001658200  0.0002561530  0.0004084050  0.0005257210  0.0002936160  0.0003672870  0.0003847230  0.0003015340  0.0002897160  0.0006870580  0.0001810570  0.0005132140  0.0003268090  0.0008220670  0.0001561160  0.0004850910  0.0003516530  0.0002378630  0.0001142020  0.0002620160  0.0003259370  0.0004827690  0.0010379080  0.0004324500  0.0003598270  0.0003636620  0.0001959310  0.0002742900  0.0002716840  0.0003576490  0.0001915940  0.0003517630  0.0003080960  0.0004997840  0.0003398450  0.0004996140  0.0004398350  0.0002256760  0.0002196570  0.0001964370  0.0001990040  0.0004595030  0.0002339490  0.0007828660  0.0003488430  0.0004723570  0.0006931250  0.0003629230  0.0008938310  0.0001544090  0.0007630920  0.0005539990  0.0001553540  0.0004761440  0.0001931380  0.0002933660  0.0004943010  0.0001957670  0.0006597070  0.0007732980  0.0002329230  0.0003273900  0.0002032060  0.0003453080  0.0002963570  0.0001504190  0.0002213480  0.0002440340  0.0002364490  0.0004028600  0.0005973970  0.0004242640  0.0006479990  0.0001888230  0.0001908720  0.0003859790  0.0002523260  0.0001819080  0.0001175740  0.0005166690  0.0003638770  0.0004255130  0.0005062750  0.0002718390  0.0003798500  0.0003760010  0.0003457680  0.0001238500  0.0002267780  0.0003306720  0.0003505830  0.0003068730  0.0002678340  0.0004522660  0.0003994310  0.0002949600  0.0003924210  0.0003099100  0.0001934070  0.0002308170  
  0.0001324920  0.0002131120  0.0002674120  0.0004024260  0.0002569670  0.0002915170  0.0002597270  0.0002344090  0.0002574460  0.0004119860  0.0001288240  0.0004032230  0.0002658620  0.0004525570  0.0001142270  0.0003077080  0.0002980450  0.0001555540  0.0000963120  0.0002253650  0.0002428800  0.0004101190  0.0004324500  0.0008313250  0.0002844590  0.0002757060  0.0001506890  0.0002138790  0.0001897510  0.0002893050  0.0001398700  0.0002620340  0.0002389330  0.0004133620  0.0002452790  0.0003338350  0.0003211700  0.0001548470  0.0001744770  0.0001348140  0.0001349750  0.0003823170  0.0002095710  0.0004645900  0.0002633100  0.0003581350  0.0004756190  0.0002732150  0.0004093760  0.0001172770  0.0004968570  0.0003301380  0.0001138100  0.0003995020  0.0001319910  0.0002371950  0.0003809380  0.0001662010  0.0005023900  0.0004817930  0.0001632060  0.0003194310  0.0001466590  0.0002826190  0.0002498050  0.0001336750  0.0001687960  0.0001828420  0.0001805650  0.0003409000  0.0003689010  0.0003400090  0.0004133200  0.0001611830  0.0001517290  0.0003012570  0.0002108750  0.0001453010  0.0000902920  0.0003579350  0.0002882390  0.0002982210  0.0004238900  0.0002019380  0.0002838930  0.0003242650  0.0002889410  0.0000912500  0.0001721360  0.0002497650  0.0002691060  0.0002540680  0.0002066520  0.0002639680  0.0003053410  0.0002326110  0.0002960520  0.0002380250  0.0001340780  0.0001657290  
  0.0001559760  0.0002264530  0.0002965510  0.0002140990  0.0001891710  0.0004878030  0.0002397430  0.0001809020  0.0002416380  0.0004157900  0.0001524310  0.0003150190  0.0002457340  0.0003980700  0.0001342700  0.0003009870  0.0004993130  0.0001925680  0.0001030400  0.0002197600  0.0002534640  0.0004328860  0.0003598270  0.0002844590  0.0007205410  0.0002956480  0.0001658300  0.0001955850  0.0001815220  0.0004795730  0.0001469460  0.0003423250  0.0002420670  0.0004359180  0.0002299560  0.0003235350  0.0003104400  0.0001691660  0.0001752030  0.0001643270  0.0001599000  0.0004640750  0.0002310550  0.0004393720  0.0002429530  0.0003518980  0.0004454890  0.0002571590  0.0003867980  0.0001302130  0.0004880910  0.0003091590  0.0001575460  0.0005990330  0.0001919750  0.0002287270  0.0003134550  0.0001553950  0.0003841310  0.0004594640  0.0001804730  0.0003381490  0.0001411630  0.0004441340  0.0002366190  0.0000933590  0.0001768980  0.0002147020  0.0001695720  0.0002752360  0.0003321320  0.0002703620  0.0004008000  0.0001716520  0.0001260560  0.0003404360  0.0002141370  0.0001349610  0.0001005720  0.0003327350  0.0002821890  0.0002972740  0.0003679800  0.0002340580  0.0002812700  0.0003284910  0.0002882340  0.0001004220  0.0001850610  0.0002721310  0.0003147170  0.0001822520  0.0002241740  0.0002929480  0.0002738390  0.0002490180  0.0002923070  0.0002339910  0.0001370490  0.0001762830  
  0.0001238310  0.0001917260  0.0002385160  0.0002949580  0.0001877140  0.0003105010  0.0002205040  0.0001895130  0.0002155850  0.0003883120  0.0001327280  0.0003414770  0.0002179610  0.0003568020  0.0001246730  0.0002696100  0.0002928050  0.0001613500  0.0000950010  0.0002009940  0.0002281200  0.0003368710  0.0003636620  0.0002757060  0.0002956480  0.0004675600  0.0001471560  0.0001840200  0.0001656030  0.0002976170  0.0001343320  0.0002619120  0.0002152220  0.0003785520  0.0002227080  0.0002963790  0.0002702580  0.0001575720  0.0001500910  0.0001362530  0.0001259660  0.0003653930  0.0001881280  0.0003967670  0.0002118760  0.0003160170  0.0004171220  0.0002444760  0.0003637930  0.0001214480  0.0004156410  0.0002982990  0.0001242280  0.0003983980  0.0001444870  0.0002035750  0.0003121030  0.0001346680  0.0003785640  0.0003993200  0.0001570290  0.0002878200  0.0001323250  0.0002891690  0.0002074100  0.0001029860  0.0001628350  0.0001767380  0.0001668700  0.0002816610  0.0003286090  0.0002693560  0.0003688080  0.0001623960  0.0001305090  0.0002871470  0.0001851550  0.0001386290  0.0000943580  0.0003124440  0.0002461810  0.0002667390  0.0003572030  0.0001974430  0.0002580310  0.0002795040  0.0002335300  0.0000993500  0.0001596570  0.0003454800  0.0002683470  0.0001938660  0.0001823730  0.0002548410  0.0002503940  0.0002141850  0.0002769180  0.0002174700  0.0001286480  0.0001584540  
  0.0000845950  0.0001247160  0.0001592740  0.0001615390  0.0001161420  0.0001708550  0.0001498900  0.0001182910  0.0001349040  0.0002209430  0.0000980130  0.0001735510  0.0001326610  0.0002089380  0.0001804980  0.0001620480  0.0001621800  0.0001424280  0.0000692650  0.0001296590  0.0001415110  0.0002063970  0.0001959310  0.0001506890  0.0001658300  0.0001471560  0.0003163350  0.0001075120  0.0001155660  0.0001749950  0.0001118270  0.0001626870  0.0001335800  0.0002141210  0.0001385360  0.0001790700  0.0001580020  0.0001526940  0.0001115600  0.0001277040  0.0001192040  0.0001991880  0.0001294580  0.0002539940  0.0001460450  0.0001844810  0.0002320520  0.0001461670  0.0001960100  0.0001026620  0.0002572650  0.0001646080  0.0000896880  0.0002158650  0.0001019410  0.0001229440  0.0001612520  0.0001246900  0.0001998510  0.0002345700  0.0001252000  0.0001428210  0.0000868920  0.0001529870  0.0001273200  0.0000830090  0.0000956830  0.0001049670  0.0001075760  0.0001509040  0.0001792050  0.0001598410  0.0002055990  0.0001116150  0.0000867580  0.0001558650  0.0001083270  0.0000955100  0.0000862840  0.0001892310  0.0001416850  0.0001754720  0.0001691080  0.0001226630  0.0001508380  0.0001463980  0.0001390790  0.0000684060  0.0001403400  0.0001303820  0.0001434640  0.0001233580  0.0001156130  0.0001535470  0.0001483960  0.0001259020  0.0001643020  0.0001309080  0.0001320110  0.0001068970  
  0.0000982780  0.0001536320  0.0001793680  0.0002432610  0.0002129880  0.0001895470  0.0001753230  0.0001789180  0.0001814760  0.0003346910  0.0000974560  0.0002779290  0.0001701040  0.0003079380  0.0000941790  0.0002239100  0.0001851420  0.0001382210  0.0000804160  0.0001522650  0.0001739620  0.0002448050  0.0002742900  0.0002138790  0.0001955850  0.0001840200  0.0001075120  0.0003422880  0.0001366950  0.0001839750  0.0001186340  0.0001676450  0.0001694230  0.0002699840  0.0001756360  0.0002067410  0.0002212220  0.0001187500  0.0001291060  0.0001070710  0.0001087970  0.0002433140  0.0001348680  0.0003010500  0.0001812490  0.0002401510  0.0003191080  0.0001884170  0.0002828390  0.0000957570  0.0003289720  0.0002666340  0.0000906850  0.0002533340  0.0001074780  0.0001590300  0.0002427030  0.0001252860  0.0003069800  0.0002864610  0.0001147200  0.0001947330  0.0001108810  0.0001900370  0.0001840820  0.0001320560  0.0001145260  0.0001438210  0.0001417370  0.0002273210  0.0002950300  0.0003107580  0.0003243170  0.0001164330  0.0001263830  0.0002052040  0.0001474750  0.0001025830  0.0000901920  0.0002409040  0.0002143780  0.0002257110  0.0002794530  0.0001407270  0.0002094330  0.0002107680  0.0001869710  0.0000750240  0.0001352750  0.0001703400  0.0001862970  0.0001905340  0.0001451450  0.0001942100  0.0002717460  0.0001632110  0.0002216580  0.0001644320  0.0001066080  0.0001231060  
